2.662307
0.065231
0.064687
0.063702
0.064594
0.065106
0.065244
0.065016
0.065292
0.065216
0.065357
0.065427
0.065481
0.065524
0.065559
0.065587
0.065609
0.065627
0.065641
0.065652
0.065662
0.065669
0.065675
0.065679
0.065683
0.065686
0.065688
0.065690
0.065692
0.065693
0.065694
0.065695
0.065696
0.065696
0.065697
0.065697
0.065698
0.065698
0.065698
0.065698
0.065698
0.065699
0.065699
0.065699
0.065699
0.065699
0.065699
0.065699
0.065699
0.065700
0.065700
0.065700
0.065700
0.065700
0.065700
0.065700
0.065700
0.065700
0.065701
0.065701
0.065701
0.065701
0.065701
0.065701
0.065701
0.065701
0.065702
0.065702
0.065702
0.065702
0.065702
0.065702
0.065702
0.065703
0.065703
0.065703
0.065703
0.065703
0.065703
0.065703
0.065704
0.065704
0.065704
0.065704
0.065704
0.065704
0.065705
0.065705
0.065705
0.065705
0.065705
0.065706
0.065706
0.065706
0.065706
0.065706
0.065706
0.065707
0.065707
0.065707
0.065707
0.065707
0.065708
0.065708
0.065708
0.065708
0.065709
0.065709
0.065709
0.065709
0.065709
0.065710
0.065710
0.065710
0.065710
0.065711
0.065711
0.065711
0.065711
0.065712
0.065712
0.065712
0.065712
0.065713
0.065713
0.065713
0.065713
0.065714
0.065714
0.065714
0.065714
0.065715
0.065715
0.065715
0.065715
0.065716
0.065716
0.065716
0.065717
0.065717
0.065717
0.065717
0.065718
0.065718
0.065718
0.065719
0.065719
0.065719
0.065720
0.065720
0.065720
0.065721
0.065721
0.065721
0.065721
0.065722
0.065722
0.065722
0.065723
0.065723
0.065723
0.065724
0.065724
0.065724
0.065725
0.065725
0.065725
0.065726
0.065726
0.065727
0.065727
0.065727
0.065728
0.065728
0.065728
0.065729
0.065729
0.065729
0.065730
0.065730
0.065731
0.065731
0.065731
0.065732
0.065732
0.065732
0.065733
0.065733
0.065734
0.065734
0.065734
0.065735
0.065735
0.065736
0.065736
0.065736
0.065737
0.065737
0.065738
0.065738
0.065739
0.065739
0.065739
0.065740
0.065740
0.065741
0.065741
0.065742
0.065742
0.065742
0.065743
0.065743
0.065744
0.065744
0.065745
0.065745
0.065746
0.065746
0.065746
0.065747
0.065747
0.065748
0.065748
0.065749
0.065749
0.065750
0.065750
0.065751
0.065751
0.065751
0.065752
0.065754
0.065761
0.065777
0.065803
0.065842
0.065899
0.065975
0.066074
0.066199
0.066352
0.066537
0.066757
0.067011
0.067299
0.067621
0.067986
0.068399
0.068868
0.069399
0.069999
0.070676
0.071434
0.072280
0.073218
0.074253
0.075387
0.076624
0.077966
0.079413
0.080967
0.082626
0.084390
0.086257
0.088226
0.090293
0.092456
0.094712
0.097056
0.099486
0.101997
0.104587
0.107250
0.109983
0.112784
0.115649
0.118575
0.121558
0.124598
0.127692
0.130838
0.134035
0.137282
0.140579
0.143925
0.147320
0.150764
0.154259
0.157806
0.161404
0.165056
0.168763
0.172527
0.176349
0.180232
0.184176
0.188185
0.192259
0.196400
0.200611
0.204891
0.209244
0.213670
0.218170
0.222746
0.227397
0.232125
0.236929
0.241811
0.246770
0.251806
0.256919
0.262108
0.267373
0.272713
0.278127
0.283615
0.289176
0.294809
0.300513
0.306287
0.312130
0.318042
0.324021
0.330067
0.336179
0.342356
0.348598
0.354905
0.361275
0.367710
0.374207
0.380769
0.387393
0.394081
0.400832
0.407646
0.414525
0.421468
0.428475
0.435547
0.442684
0.449887
0.457156
0.464492
0.471894
0.479365
0.486903
0.494509
0.502184
0.509928
0.517741
0.525623
0.533575
0.541598
0.549690
0.557852
0.566084
0.574387
0.582759
0.591202
0.599715
0.608297
0.616946
0.625661
0.634439
0.643276
0.652172
0.661123
0.670127
0.679182
0.688287
0.697437
0.706632
0.715870
0.725148
0.734463
0.743816
0.753202
0.762622
0.772072
0.781551
0.791057
0.800589
0.810146
0.819725
0.829325
0.838945
0.848584
0.858239
0.867910
0.877596
0.887296
0.897007
0.906729
0.916461
0.926202
0.935951
0.945706
0.955467
0.965233
0.975003
0.984775
0.994549
1.004325
1.014100
1.023875
1.033648
1.043418
1.053186
1.062949
1.072708
1.082461
1.092209
1.101949
1.111681
1.121406
1.131121
1.140828
1.150524
1.160209
1.169884
1.179546
1.189197
1.198835
1.208460
1.218072
1.227669
1.237253
1.246822
1.256376
1.265915
1.275439
1.284947
1.294439
1.303915
1.313374
1.322817
1.332244
1.341653
1.351046
1.360421
1.369779
1.379120
1.388443
1.397749
1.407037
1.416307
1.425560
1.434795
1.444012
1.453211
1.462393
1.471556
1.480701
1.489829
1.498938
1.508029
1.517102
1.526157
1.535194
1.544212
1.553213
1.562195
1.571159
1.580105
1.589032
1.597942
1.606833
1.615705
1.624560
1.633396
1.642214
1.651013
1.659794
1.668557
1.677301
1.686027
1.694735
1.703424
1.712094
1.720746
1.729380
1.737995
1.746592
1.755169
1.763729
1.772269
1.780791
1.789294
1.797777
1.806242
1.814688
1.823115
1.831522
1.839910
1.848279
1.856628
1.864958
1.873267
1.881556
1.889826
1.898075
1.906303
1.914511
1.922698
1.930864
1.939008
1.947131
1.955232
1.963311
1.971368
1.979402
1.987414
1.995402
2.003366
2.011307
2.019224
2.027116
2.034983
2.042826
2.050642
2.058432
2.066197
2.073934
2.081644
2.089326
2.096980
2.104605
2.112202
2.119768
2.127305
2.134811
2.142286
2.149729
2.157139
2.164517
2.171862
2.179172
2.186448
2.193689
2.200893
2.208062
2.215193
2.222286
2.229340
2.236356
2.243331
2.250266
2.257160
2.264012
2.270820
2.277585
2.284306
2.290982
2.297611
2.304194
2.310730
2.317217
2.323655
2.330043
2.336380
2.342666
2.348899
2.355079
2.361204
2.367274
2.373288
2.379246
2.385145
2.390986
2.396767
2.402488
2.408148
2.413745
2.419279
2.424748
2.430153
2.435492
2.440764
2.445968
2.451103
2.456169
2.461165
2.466089
2.470940
2.475719
2.480423
2.485052
2.489606
2.494083
2.498482
2.502802
2.507044
2.511205
2.515285
2.519283
2.523198
2.527030
2.530778
2.534440
2.538017
2.541507
2.544909
2.548224
2.551449
2.554585
2.557631
2.560586
2.563449
2.566220
2.568899
2.571483
2.573974
2.576370
2.578671
2.580876
2.582984
2.584996
2.586911
2.588729
2.590448
2.592068
2.593590
2.595013
2.596336
2.597559
2.598681
2.599704
2.600625
2.601446
2.602166
2.602786
2.603304
2.603722
2.604039
2.604255
2.604370
2.604385
2.604299
2.604112
2.603824
2.603435
2.602946
2.602356
2.601665
2.600873
2.599981
2.598987
2.597894
2.596700
2.595405
2.594012
2.592519
2.590927
2.589236
2.587447
2.585560
2.583576
2.581495
2.579318
2.577045
2.574677
2.572213
2.569656
2.567005
2.564260
2.561424
2.558495
2.555476
2.552366
2.549166
2.545877
2.542500
2.539035
2.535483
2.531846
2.528123
2.524315
2.520424
2.516449
2.512393
2.508255
2.504037
2.499739
2.495363
2.490908
2.486377
2.481769
2.477086
2.472329
2.467499
2.462595
2.457620
2.452575
2.447459
2.442275
2.437023
2.431703
2.426317
2.420866
2.415351
2.409772
2.404130
2.398427
2.392663
2.386840
2.380957
2.375016
2.369019
2.362964
2.356855
2.350691
2.344473
2.338203
2.331880
2.325507
2.319083
2.312610
2.306089
2.299519
2.292903
2.286240
2.279532
2.272780
2.265984
2.259144
2.252263
2.245340
2.238376
2.231371
2.224328
2.217246
2.210125
2.202968
2.195773
2.188543
2.181277
2.173977
2.166642
2.159273
2.151872
2.144438
2.136973
2.129476
2.121948
2.114390
2.106802
2.099185
2.091540
2.083865
2.076164
2.068434
2.060678
2.052895
2.045087
2.037252
2.029392
2.021507
2.013598
2.005664
1.997706
1.989725
1.981721
1.973693
1.965643
1.957570
1.949475
1.941359
1.933220
1.925060
1.916879
1.908677
1.900455
1.892211
1.883948
1.875664
1.867360
1.859036
1.850692
1.842329
1.833946
1.825543
1.817122
1.808681
1.800222
1.791743
1.783245
1.774729
1.766194
1.757640
1.749067
1.740476
1.731866
1.723238
1.714592
1.705927
1.697243
1.688541
1.679821
1.671083
1.662326
1.653551
1.644757
1.635945
1.627115
1.618267
1.609400
1.600515
1.591612
1.582690
1.573750
1.564792
1.555815
1.546820
1.537807
1.528776
1.519726
1.510658
1.501572
1.492468
1.483345
1.474204
1.465045
1.455868
1.446673
1.437460
1.428229
1.418980
1.409713
1.400429
1.391127
1.381807
1.372470
1.363116
1.353744
1.344356
1.334950
1.325528
1.316089
1.306634
1.297163
1.287675
1.278172
1.268654
1.259120
1.249571
1.240008
1.230430
1.220838
1.211233
1.201614
1.191982
1.182338
1.172681
1.163013
1.153333
1.143643
1.133942
1.124232
1.114512
1.104784
1.095048
1.085304
1.075554
1.065797
1.056036
1.046269
1.036498
1.026725
1.016949
1.007171
0.997393
0.987615
0.977838
0.968063
0.958291
0.948524
0.938761
0.929005
0.919256
0.909516
0.899785
0.890065
0.880357
0.870663
0.860983
0.851319
0.841673
0.832046
0.822438
0.812853
0.803291
0.793753
0.784242
0.774759
0.765306
0.755884
0.746495
0.737140
0.727823
0.718544
0.709305
0.700109
0.690956
0.681850
0.672792
0.663783
0.654827
0.645925
0.637080
0.628293
0.619566
0.610902
0.602304
0.593772
0.585309
0.576913
0.568585
0.560325
0.552133
0.544009
0.535953
0.527964
0.520044
0.512191
0.504407
0.496690
0.489041
0.481460
0.473947
0.466501
0.459124
0.451815
0.444573
0.437399
0.430294
0.423256
0.416286
0.409383
0.402549
0.395783
0.389084
0.382453
0.375890
0.369395
0.362968
0.356609
0.350317
0.344094
0.337938
0.331850
0.325830
0.319878
0.313993
0.308177
0.302428
0.296747
0.291134
0.285589
0.280112
0.274702
0.269361
0.264087
0.258881
0.253743
0.248673
0.243671
0.238737
0.233870
0.229072
0.224341
0.219678
0.215083
0.210556
0.206097
0.201705
0.197382
0.193126
0.188938
0.184818
0.180766
0.176782
0.172866
0.169017
0.165237
0.161524
0.157879
0.154302
0.150793
0.147352
0.143979
0.140673
0.137436
0.134266
0.131164
0.128130
0.125164
0.122265
0.119435
0.116672
0.113977
0.111350
0.108791
0.106300
0.103877
0.101521
0.099234
0.097014
0.094862
0.092778
0.090762
0.088814
0.086934
0.085121
0.083376
0.081699
0.080091
0.078549
0.077076
0.075671
0.074333
0.073064
0.071862
0.070728
0.069662
0.069735
0.069860
0.070030
0.070236
0.070467
0.070715
0.070969
0.071227
0.071491
0.071761
0.072039
0.072328
0.072632
0.072955
0.073302
0.073678
0.074089
0.074540
0.075038
0.075589
0.076199
0.076873
0.077618
0.078438
0.079339
0.080326
0.081401
0.082569
0.083832
0.085192
0.086651
0.088210
0.089868
0.091626
0.093482
0.095436
0.097484
0.099626
0.101858
0.104179
0.106584
0.109071
0.111636
0.114278
0.116991
0.119775
0.122625
0.125539
0.128514
0.131549
0.134642
0.137790
0.140994
0.144250
0.147560
0.150922
0.154336
0.157803
0.161322
0.164894
0.168521
0.172203
0.175941
0.179736
0.183590
0.187505
0.191481
0.195521
0.199626
0.203797
0.208035
0.212343
0.216721
0.221171
0.225693
0.230289
0.234959
0.239704
0.244523
0.249419
0.254390
0.259436
0.264558
0.269755
0.275027
0.280374
0.285794
0.291288
0.296854
0.302492
0.308201
0.313980
0.319829
0.325746
0.331732
0.337785
0.343905
0.350091
0.356343
0.362660
0.369042
0.375488
0.381999
0.388574
0.395212
0.401915
0.408682
0.415514
0.422409
0.429369
0.436394
0.443484
0.450640
0.457861
0.465148
0.472502
0.479923
0.487411
0.494967
0.502590
0.510282
0.518043
0.525872
0.533771
0.541738
0.549776
0.557882
0.566059
0.574305
0.582621
0.591007
0.599462
0.607987
0.616580
0.625237
0.633958
0.642739
0.651578
0.660473
0.669421
0.678421
0.687471
0.696567
0.705708
0.714892
0.724117
0.733381
0.742681
0.752017
0.761385
0.770785
0.780214
0.789671
0.799154
0.808662
0.818193
0.827745
0.837317
0.846908
0.856517
0.866141
0.875780
0.885432
0.895097
0.904773
0.914459
0.924154
0.933857
0.943566
0.953281
0.963001
0.972725
0.982452
0.992180
1.001910
1.011640
1.021370
1.031097
1.040823
1.050546
1.060264
1.069979
1.079687
1.089390
1.099087
1.108775
1.118456
1.128128
1.137791
1.147444
1.157087
1.166719
1.176340
1.185948
1.195544
1.205128
1.214698
1.224254
1.233797
1.243325
1.252839
1.262337
1.271820
1.281288
1.290740
1.300176
1.309595
1.318999
1.328385
1.337755
1.347108
1.356443
1.365762
1.375063
1.384347
1.393613
1.402862
1.412093
1.421306
1.430502
1.439679
1.448839
1.457981
1.467104
1.476210
1.485298
1.494368
1.503419
1.512453
1.521468
1.530465
1.539444
1.548405
1.557348
1.566272
1.575178
1.584066
1.592936
1.601787
1.610620
1.619435
1.628232
1.637010
1.645770
1.654512
1.663235
1.671940
1.680627
1.689295
1.697945
1.706576
1.715189
1.723783
1.732359
1.740916
1.749455
1.757975
1.766476
1.774959
1.783423
1.791868
1.800294
1.808701
1.817089
1.825458
1.833807
1.842137
1.850448
1.858739
1.867010
1.875261
1.883492
1.891703
1.899894
1.908064
1.916214
1.924342
1.932449
1.940535
1.948600
1.956642
1.964663
1.972661
1.980636
1.988588
1.996518
2.004423
2.012305
2.020163
2.027996
2.035804
2.043587
2.051344
2.059076
2.066780
2.074458
2.082109
2.089732
2.097327
2.104893
2.112429
2.119937
2.127414
2.134860
2.142276
2.149659
2.157011
2.164329
2.171614
2.178865
2.186082
2.193263
2.200408
2.207517
2.214589
2.221623
2.228619
2.235575
2.242492
2.249368
2.256203
2.262996
2.269746
2.276453
2.283115
2.289733
2.296305
2.302830
2.309308
2.315737
2.322118
2.328449
2.334729
2.340958
2.347135
2.353258
2.359327
2.365342
2.371301
2.377203
2.383048
2.388834
2.394561
2.400228
2.405834
2.411378
2.416859
2.422277
2.427630
2.432917
2.438138
2.443291
2.448377
2.453393
2.458339
2.463215
2.468018
2.472749
2.477407
2.481990
2.486497
2.490929
2.495284
2.499560
2.503758
2.507876
2.511915
2.515871
2.519746
2.523538
2.527247
2.530871
2.534410
2.537863
2.541229
2.544508
2.547700
2.550802
2.553815
2.556738
2.559570
2.562311
2.564960
2.567516
2.569979
2.572348
2.574623
2.576803
2.578888
2.580878
2.582771
2.584567
2.586266
2.587868
2.589371
2.590777
2.592084
2.593292
2.594401
2.595410
2.596320
2.597130
2.597840
2.598449
2.598959
2.599367
2.599675
2.599882
2.599989
2.599995
2.599900
2.599704
2.599407
2.599010
2.598512
2.597914
2.597216
2.596417
2.595519
2.594520
2.593423
2.592226
2.590930
2.589536
2.588043
2.586452
2.584764
2.582979
2.581097
2.579119
2.577045
2.574875
2.572611
2.570252
2.567800
2.565254
2.562616
2.559885
2.557063
2.554151
2.551148
2.548056
2.544875
2.541605
2.538249
2.534805
2.531276
2.527662
2.523963
2.520180
2.516314
2.512367
2.508338
2.504229
2.500040
2.495772
2.491426
2.487003
2.482504
2.477930
2.473280
2.468558
2.463762
2.458895
2.453957
2.448948
2.443871
2.438725
2.433511
2.428232
2.422886
2.417476
2.412002
2.406465
