-1.540993
1.000000
1.000000
1.000000
1.000000
1.000000
1.000000
1.000000
1.000000
1.000000
1.000000
1.000000
1.000000
1.000000
1.000000
1.000000
1.000000
1.000000
1.000000
1.000000
1.000000
1.000000
1.000000
1.000000
1.000000
1.000000
1.000000
1.000000
1.000000
1.000000
1.000000
1.000000
1.000000
1.000000
1.000000
1.000000
1.000000
1.000000
1.000000
1.000000
1.000000
1.000000
1.000000
1.000000
1.000000
1.000000
1.000000
1.000000
1.000000
1.000000
1.000000
1.000000
1.000000
1.000000
1.000000
1.000000
1.000000
1.000000
1.000000
1.000000
1.000000
1.000000
1.000000
1.000000
1.000000
1.000000
1.000000
1.000000
1.000000
1.000000
1.000000
1.000000
1.000000
1.000000
1.000000
1.000000
1.000000
1.000000
1.000000
1.000000
1.000000
1.000000
1.000000
1.000000
1.000000
1.000000
1.000000
1.000000
1.000000
1.000000
1.000000
1.000000
1.000000
1.000000
1.000000
1.000000
1.000000
1.000000
1.000000
1.000000
1.000000
1.000000
1.000000
1.000000
1.000000
1.000000
1.000000
1.000000
1.000000
1.000000
1.000000
1.000000
1.000000
1.000000
1.000000
1.000000
1.000000
1.000000
1.000000
1.000000
1.000000
1.000000
1.000000
1.000000
1.000000
1.000000
1.000000
1.000000
1.000000
1.000000
1.000000
1.000000
1.000000
1.000000
1.000000
1.000000
1.000000
1.000000
1.000000
1.000000
1.000000
1.000000
1.000000
1.000000
1.000000
1.000000
1.000000
1.000000
1.000000
1.000000
1.000000
1.000000
1.000000
1.000000
1.000000
1.000000
1.000000
1.000000
1.000000
1.000000
1.000000
1.000000
1.000000
1.000000
1.000000
1.000000
1.000000
1.000000
1.000000
1.000000
1.000000
1.000000
1.000000
1.000000
1.000000
1.000000
1.000000
1.000000
1.000000
1.000000
1.000000
1.000000
1.000000
1.000000
1.000000
1.000000
1.000000
1.000000
1.000000
1.000000
1.000000
1.000000
1.000000
1.000000
1.000000
1.000000
1.000000
1.000000
1.000000
1.000000
1.000000
1.000000
1.000000
1.000000
1.000000
1.000000
1.000000
1.000000
1.000000
1.000000
1.000000
1.000000
1.000000
1.000000
1.000000
1.000000
1.000000
1.000000
1.000000
1.000000
1.000000
1.000000
1.000000
1.000000
1.000000
1.000000
1.000000
1.000000
1.000000
1.000000
1.000000
1.000000
1.000000
1.000000
1.000000
1.000000
1.000000
1.000000
1.000000
1.000000
1.000000
1.000000
1.000000
1.000000
1.000000
1.000000
1.000000
1.000000
1.000000
1.000000
1.000000
1.000000
1.000000
1.000000
1.000000
1.000000
1.000000
1.000000
1.000000
1.000000
1.000000
1.000000
1.000000
1.000000
1.000000
1.000000
1.000000
1.000000
1.000000
1.000000
1.000000
1.000000
1.000000
1.000000
1.000000
1.000000
1.000000
1.000000
1.000000
1.000000
1.000000
1.000000
1.000000
1.000000
1.000000
1.000000
1.000000
1.000000
1.000000
1.000000
1.000000
1.000000
1.000000
1.000000
1.000000
1.000000
1.000000
1.000000
1.000000
1.000000
1.000000
1.000000
1.000000
1.000000
1.000000
1.000000
1.000000
1.000000
1.000000
1.000000
1.000000
1.000000
1.000000
1.000000
1.000000
1.000000
1.000000
1.000000
1.000000
1.000000
1.000000
1.000000
1.000000
1.000000
1.000000
1.000000
1.000000
1.000000
1.000000
1.000000
1.000000
1.000000
1.000000
1.000000
1.000000
1.000000
1.000000
1.000000
1.000000
1.000000
1.000000
1.000000
1.000000
1.000000
1.000000
1.000000
1.000000
1.000000
1.000000
1.000000
1.000000
1.000000
1.000000
1.000000
1.000000
1.000000
1.000000
1.000000
1.000000
1.000000
1.000000
1.000000
0.991703
0.983054
0.974339
0.965561
0.956724
0.947828
0.938877
0.929873
0.920818
0.911713
0.902563
0.893368
0.884130
0.874852
0.865537
0.856184
0.846798
0.837378
0.827928
0.818449
0.808943
0.799411
0.789854
0.780275
0.770675
0.761055
0.751416
0.741761
0.732090
0.722404
0.712704
0.702993
0.693271
0.683539
0.673798
0.664049
0.654294
0.644533
0.634767
0.624997
0.615225
0.605451
0.595675
0.585900
0.576125
0.566352
0.556582
0.546814
0.537051
0.527292
0.517539
0.507791
0.498051
0.488319
0.478594
0.468879
0.459172
0.449476
0.439791
0.430116
0.420454
0.410803
0.401165
0.391540
0.381928
0.372331
0.362747
0.353178
0.343624
0.334085
0.324561
0.315053
0.305561
0.296085
0.286626
0.277183
0.267756
0.258347
0.248954
0.239579
0.230221
0.220880
0.211557
0.202251
0.192963
0.183693
0.174440
0.165205
0.155988
0.146789
0.137607
0.128444
0.119299
0.110171
0.101062
0.091971
0.082898
0.073843
0.064806
0.055788
0.046787
0.037805
0.028841
0.019895
0.010968
0.002058
-0.006833
-0.015705
-0.024560
-0.033396
-0.042214
-0.051013
-0.059794
-0.068557
-0.077301
-0.086027
-0.094735
-0.103424
-0.112094
-0.120746
-0.129380
-0.137995
-0.146592
-0.155169
-0.163729
-0.172269
-0.180791
-0.189294
-0.197777
-0.206242
-0.214688
-0.223115
-0.231522
-0.239910
-0.248279
-0.256628
-0.264958
-0.273267
-0.281556
-0.289826
-0.298075
-0.306303
-0.314511
-0.322698
-0.330864
-0.339008
-0.347131
-0.355232
-0.363311
-0.371368
-0.379402
-0.387414
-0.395402
-0.403366
-0.411307
-0.419224
-0.427116
-0.434983
-0.442826
-0.450642
-0.458432
-0.466197
-0.473934
-0.481644
-0.489326
-0.496980
-0.504605
-0.512202
-0.519768
-0.527305
-0.534811
-0.542286
-0.549729
-0.557139
-0.564517
-0.571862
-0.579172
-0.586448
-0.593689
-0.600893
-0.608062
-0.615193
-0.622286
-0.629340
-0.636356
-0.643331
-0.650266
-0.657160
-0.664012
-0.670820
-0.677585
-0.684306
-0.690982
-0.697611
-0.704194
-0.710730
-0.717217
-0.723655
-0.730043
-0.736380
-0.742666
-0.748899
-0.755079
-0.761204
-0.767274
-0.773288
-0.779246
-0.785145
-0.790986
-0.796767
-0.802488
-0.808148
-0.813745
-0.819279
-0.824748
-0.830153
-0.835492
-0.840764
-0.845968
-0.851103
-0.856169
-0.861165
-0.866089
-0.870940
-0.875719
-0.880423
-0.885052
-0.889606
-0.894083
-0.898482
-0.902802
-0.907044
-0.911205
-0.915285
-0.919283
-0.923198
-0.927030
-0.930778
-0.934440
-0.938017
-0.941507
-0.944909
-0.948224
-0.951449
-0.954585
-0.957631
-0.960586
-0.963449
-0.966220
-0.968899
-0.971483
-0.973974
-0.976370
-0.978671
-0.980876
-0.982984
-0.984996
-0.986911
-0.988729
-0.990448
-0.992068
-0.993590
-0.995013
-0.996336
-0.997559
-0.998681
-0.999704
-1.000000
-1.000000
-1.000000
-1.000000
-1.000000
-1.000000
-1.000000
-1.000000
-1.000000
-1.000000
-1.000000
-1.000000
-1.000000
-1.000000
-1.000000
-1.000000
-1.000000
-1.000000
-0.999981
-0.998987
-0.997894
-0.996700
-0.995405
-0.994012
-0.992519
-0.990927
-0.989236
-0.987447
-0.985560
-0.983576
-0.981495
-0.979318
-0.977045
-0.974677
-0.972213
-0.969656
-0.967005
-0.964260
-0.961424
-0.958495
-0.955476
-0.952366
-0.949166
-0.945877
-0.942500
-0.939035
-0.935483
-0.931846
-0.928123
-0.924315
-0.920424
-0.916449
-0.912393
-0.908255
-0.904037
-0.899739
-0.895363
-0.890908
-0.886377
-0.881769
-0.877086
-0.872329
-0.867499
-0.862595
-0.857620
-0.852575
-0.847459
-0.842275
-0.837023
-0.831703
-0.826317
-0.820866
-0.815351
-0.809772
-0.804130
-0.798427
-0.792663
-0.786840
-0.780957
-0.775016
-0.769019
-0.762964
-0.756855
-0.750691
-0.744473
-0.738203
-0.731880
-0.725507
-0.719083
-0.712610
-0.706089
-0.699519
-0.692903
-0.686240
-0.679532
-0.672780
-0.665984
-0.659144
-0.652263
-0.645340
-0.638376
-0.631371
-0.624328
-0.617246
-0.610125
-0.602968
-0.595773
-0.588543
-0.581277
-0.573977
-0.566642
-0.559273
-0.551872
-0.544438
-0.536973
-0.529476
-0.521948
-0.514390
-0.506802
-0.499185
-0.491540
-0.483865
-0.476164
-0.468434
-0.460678
-0.452895
-0.445087
-0.437252
-0.429392
-0.421507
-0.413598
-0.405664
-0.397706
-0.389725
-0.381721
-0.373693
-0.365643
-0.357570
-0.349475
-0.341359
-0.333220
-0.325060
-0.316879
-0.308677
-0.300455
-0.292211
-0.283948
-0.275664
-0.267360
-0.259036
-0.250692
-0.242329
-0.233946
-0.225543
-0.217122
-0.208681
-0.200222
-0.191743
-0.183245
-0.174729
-0.166194
-0.157640
-0.149067
-0.140476
-0.131866
-0.123238
-0.114592
-0.105927
-0.097243
-0.088541
-0.079821
-0.071083
-0.062326
-0.053551
-0.044757
-0.035945
-0.027115
-0.018267
-0.009400
-0.000515
0.008388
0.017310
0.026250
0.035208
0.044185
0.053180
0.062193
0.071224
0.080274
0.089342
0.098428
0.107532
0.116655
0.125796
0.134955
0.144132
0.153327
0.162540
0.171771
0.181020
0.190287
0.199571
0.208873
0.218193
0.227530
0.236884
0.246256
0.255644
0.265050
0.274472
0.283911
0.293366
0.302837
0.312325
0.321828
0.331346
0.340880
0.350429
0.359992
0.369570
0.379162
0.388767
0.398386
0.408018
0.417662
0.427319
0.436987
0.446667
0.456357
0.466058
0.475768
0.485488
0.495216
0.504952
0.514696
0.524446
0.534203
0.543964
0.553731
0.563502
0.573275
0.583051
0.592829
0.602607
0.612385
0.622162
0.631937
0.641709
0.651476
0.661239
0.670995
0.680744
0.690484
0.700215
0.709935
0.719643
0.729337
0.739017
0.748681
0.758327
0.767954
0.777562
0.787147
0.796709
0.806247
0.815758
0.825241
0.834694
0.844116
0.853505
0.862860
0.872177
0.881456
0.890695
0.899891
0.909044
0.918150
0.927208
0.936217
0.945173
0.954075
0.962920
0.971707
0.980434
0.989098
0.997696
1.000000
1.000000
1.000000
1.000000
1.000000
1.000000
1.000000
1.000000
1.000000
1.000000
1.000000
1.000000
1.000000
1.000000
1.000000
1.000000
1.000000
1.000000
1.000000
1.000000
1.000000
1.000000
1.000000
1.000000
1.000000
1.000000
1.000000
1.000000
1.000000
1.000000
1.000000
1.000000
1.000000
1.000000
1.000000
1.000000
1.000000
1.000000
1.000000
1.000000
1.000000
1.000000
1.000000
1.000000
1.000000
1.000000
1.000000
1.000000
1.000000
1.000000
1.000000
1.000000
1.000000
1.000000
1.000000
1.000000
1.000000
1.000000
1.000000
1.000000
1.000000
1.000000
1.000000
1.000000
1.000000
1.000000
1.000000
1.000000
1.000000
1.000000
1.000000
1.000000
1.000000
1.000000
1.000000
1.000000
1.000000
1.000000
1.000000
1.000000
1.000000
1.000000
1.000000
1.000000
1.000000
1.000000
1.000000
1.000000
1.000000
1.000000
1.000000
1.000000
1.000000
1.000000
1.000000
1.000000
1.000000
1.000000
1.000000
1.000000
1.000000
1.000000
1.000000
1.000000
1.000000
1.000000
1.000000
1.000000
1.000000
1.000000
1.000000
1.000000
1.000000
1.000000
1.000000
1.000000
1.000000
1.000000
1.000000
1.000000
1.000000
1.000000
1.000000
1.000000
1.000000
1.000000
1.000000
1.000000
1.000000
1.000000
1.000000
1.000000
1.000000
1.000000
1.000000
1.000000
1.000000
1.000000
1.000000
1.000000
1.000000
1.000000
1.000000
1.000000
1.000000
1.000000
1.000000
1.000000
1.000000
1.000000
1.000000
1.000000
1.000000
1.000000
1.000000
1.000000
1.000000
1.000000
1.000000
1.000000
1.000000
1.000000
1.000000
1.000000
1.000000
1.000000
1.000000
1.000000
1.000000
1.000000
1.000000
1.000000
1.000000
1.000000
1.000000
1.000000
1.000000
1.000000
1.000000
1.000000
1.000000
1.000000
1.000000
1.000000
1.000000
1.000000
1.000000
1.000000
1.000000
1.000000
1.000000
1.000000
1.000000
1.000000
1.000000
1.000000
1.000000
1.000000
1.000000
1.000000
1.000000
1.000000
1.000000
1.000000
1.000000
1.000000
1.000000
1.000000
1.000000
1.000000
1.000000
1.000000
1.000000
1.000000
1.000000
1.000000
1.000000
1.000000
1.000000
1.000000
1.000000
1.000000
1.000000
1.000000
1.000000
1.000000
1.000000
1.000000
1.000000
1.000000
1.000000
1.000000
1.000000
1.000000
1.000000
1.000000
1.000000
1.000000
1.000000
1.000000
1.000000
1.000000
1.000000
0.992013
0.983420
0.974763
0.966042
0.957261
0.948422
0.939527
0.930579
0.921579
0.912529
0.903433
0.894292
0.885108
0.875883
0.866619
0.857319
0.847983
0.838615
0.829215
0.819786
0.810329
0.800846
0.791338
0.781807
0.772255
0.762683
0.753092
0.743483
0.733859
0.724220
0.714568
0.704903
0.695227
0.685541
0.675846
0.666143
0.656434
0.646719
0.636999
0.627275
0.617548
0.607820
0.598090
0.588360
0.578630
0.568903
0.559177
0.549454
0.539736
0.530021
0.520313
0.510610
0.500913
0.491225
0.481544
0.471872
0.462209
0.452556
0.442913
0.433281
0.423660
0.414052
0.404456
0.394872
0.385302
0.375746
0.366203
0.356675
0.347161
0.337663
0.328180
0.318712
0.309260
0.299824
0.290405
0.281001
0.271615
0.262245
0.252892
0.243557
0.234238
0.224937
0.215653
0.206387
0.197138
0.187907
0.178694
0.169498
0.160321
0.151161
0.142019
0.132896
0.123790
0.114702
0.105632
0.096581
0.087547
0.078532
0.069535
0.060556
0.051595
0.042652
0.033728
0.024822
0.015934
0.007064
-0.001787
-0.010620
-0.019435
-0.028232
-0.037010
-0.045770
-0.054512
-0.063235
-0.071940
-0.080627
-0.089295
-0.097945
-0.106576
-0.115189
-0.123783
-0.132359
-0.140916
-0.149455
-0.157975
-0.166476
-0.174959
-0.183423
-0.191868
-0.200294
-0.208701
-0.217089
-0.225458
-0.233807
-0.242137
-0.250448
-0.258739
-0.267010
-0.275261
-0.283492
-0.291703
-0.299894
-0.308064
-0.316214
-0.324342
-0.332449
-0.340535
-0.348600
-0.356642
-0.364663
-0.372661
-0.380636
-0.388588
-0.396518
-0.404423
-0.412305
-0.420163
-0.427996
-0.435804
-0.443587
-0.451344
-0.459076
-0.466780
-0.474458
-0.482109
-0.489732
-0.497327
-0.504893
-0.512429
-0.519937
-0.527414
-0.534860
-0.542276
-0.549659
-0.557011
-0.564329
-0.571614
-0.578865
-0.586082
-0.593263
-0.600408
-0.607517
-0.614589
-0.621623
-0.628619
-0.635575
-0.642492
-0.649368
-0.656203
-0.662996
-0.669746
-0.676453
-0.683115
-0.689733
-0.696305
-0.702830
-0.709308
-0.715737
-0.722118
-0.728449
-0.734729
-0.740958
-0.747135
-0.753258
-0.759327
-0.765342
-0.771301
-0.777203
-0.783048
-0.788834
-0.794561
-0.800228
-0.805834
-0.811378
-0.816859
-0.822277
-0.827630
-0.832917
-0.838138
-0.843291
-0.848377
-0.853393
-0.858339
-0.863215
-0.868018
-0.872749
-0.877407
-0.881990
-0.886497
-0.890929
-0.895284
-0.899560
-0.903758
-0.907876
-0.911915
-0.915871
-0.919746
-0.923538
-0.927247
-0.930871
-0.934410
-0.937863
-0.941229
-0.944508
-0.947700
-0.950802
-0.953815
-0.956738
-0.959570
-0.962311
-0.964960
-0.967516
-0.969979
-0.972348
-0.974623
-0.976803
-0.978888
-0.980878
-0.982771
-0.984567
-0.986266
-0.987868
-0.989371
-0.990777
-0.992084
-0.993292
-0.994401
-0.995410
-0.996320
-0.997130
-0.997840
-0.998449
-0.998959
-0.999367
-0.999675
-0.999882
-0.999989
-0.999995
-0.999900
-0.999704
-0.999407
-0.999010
-0.998512
-0.997914
-0.997216
-0.996417
-0.995519
-0.994520
-0.993423
-0.992226
-0.990930
-0.989536
-0.988043
-0.986452
-0.984764
-0.982979
-0.981097
-0.979119
-0.977045
-0.974875
-0.972611
-0.970252
-0.967800
-0.965254
-0.962616
-0.959885
-0.957063
-0.954151
-0.951148
-0.948056
-0.944875
-0.941605
-0.938249
-0.934805
-0.931276
-0.927662
-0.923963
-0.920180
-0.916314
-0.912367
-0.908338
-0.904229
-0.900040
-0.895772
-0.891426
-0.887003
-0.882504
-0.877930
-0.873280
-0.868558
-0.863762
-0.858895
-0.853957
-0.848948
-0.843871
-0.838725
-0.833511
-0.828232
-0.822886
-0.817476
-0.812002
-0.806465
