66.745783
73.820839
74.894200
76.133836
72.509925
72.930183
73.511858
74.261006
73.277437
73.926378
73.491447
73.587643
73.589957
73.590636
73.591156
73.591571
73.591902
73.592166
73.592377
73.592545
73.592679
73.592785
73.592869
73.592936
73.592988
73.593029
73.593061
73.593086
73.593104
73.593118
73.593128
73.593135
73.593140
73.593142
73.593143
73.593142
73.593140
73.593138
73.593134
73.593130
73.593126
73.593120
73.593115
73.593109
73.593103
73.593096
73.593089
73.593082
73.593075
73.593068
73.593060
73.593052
73.593044
73.593036
73.593027
73.593019
73.593010
73.593001
73.592992
73.592982
73.592973
73.592963
73.592953
73.592943
73.592933
73.592923
73.592912
73.592902
73.592891
73.592880
73.592869
73.592858
73.592846
73.592834
73.592823
73.592811
73.592799
73.592786
73.592774
73.592761
73.592748
73.592735
73.592722
73.592709
73.592696
73.592682
73.592668
73.592654
73.592640
73.592626
73.592612
73.592597
73.592582
73.592567
73.592552
73.592537
73.592522
73.592506
73.592490
73.592474
73.592458
73.592442
73.592426
73.592409
73.592393
73.592376
73.592359
73.592341
73.592324
73.592307
73.592289
73.592271
73.592253
73.592235
73.592216
73.592198
73.592179
73.592160
73.592141
73.592122
73.592103
73.592083
73.592064
73.592044
73.592024
73.592004
73.591983
73.591963
73.591942
73.591921
73.591901
73.591879
73.591858
73.591837
73.591815
73.591793
73.591771
73.591749
73.591727
73.591704
73.591682
73.591659
73.591636
73.591613
73.591590
73.591566
73.591543
73.591519
73.591495
73.591471
73.591447
73.591422
73.591398
73.591373
73.591348
73.591323
73.591298
73.591272
73.591247
73.591221
73.591195
73.591169
73.591143
73.591117
73.591090
73.591063
73.591036
73.591009
73.590982
73.590955
73.590927
73.590900
73.590872
73.590844
73.590816
73.590787
73.590759
73.590730
73.590701
73.590672
73.590643
73.590614
73.590584
73.590555
73.590525
73.590495
73.590465
73.590434
73.590404
73.590373
73.590342
73.590311
73.590280
73.590249
73.590218
73.590186
73.590154
73.590122
73.590090
73.590058
73.590025
73.589993
73.589960
73.589927
73.589894
73.589861
73.589827
73.589794
73.589760
73.589726
73.589692
73.589658
73.589623
73.589589
73.589554
73.589519
73.589484
73.589449
73.589413
73.589378
73.589342
73.589306
73.589270
73.589234
73.589163
73.589085
73.589005
73.588924
73.588843
73.588760
73.588677
73.584421
73.572419
73.551404
73.520008
73.476686
73.419876
73.347988
73.259403
73.152474
73.025517
72.876810
72.704856
72.513054
72.304966
72.104631
71.898329
71.700972
71.508765
71.323590
71.147551
70.982879
70.831829
70.696563
70.579034
70.480867
70.403278
70.347007
70.312284
70.298830
70.305882
70.332238
70.376324
70.436265
70.509970
70.595205
70.689667
70.791047
70.897087
71.005620
71.114605
71.222154
71.326542
71.426226
71.519844
71.606221
71.684369
71.753490
71.812969
71.862373
71.901452
71.930129
71.948497
71.956807
71.955464
71.945011
71.926114
71.899548
71.866179
71.826944
71.782831
71.734862
71.684067
71.631472
71.578076
71.524837
71.472654
71.422360
71.374704
71.330349
71.289864
71.253715
71.222272
71.195799
71.174463
71.158335
71.147393
71.141527
71.140550
71.144203
71.152163
71.164054
71.179452
71.197901
71.218917
71.242002
71.266648
71.292352
71.318618
71.344971
71.370960
71.396164
71.420201
71.442730
71.463452
71.482118
71.498528
71.512529
71.524020
71.532948
71.539304
71.543126
71.544492
71.543517
71.540348
71.535164
71.528165
71.519571
71.509619
71.498554
71.486624
71.474082
71.461174
71.448139
71.435205
71.422585
71.410476
71.399054
71.388474
71.378867
71.370342
71.362983
71.356847
71.351971
71.348366
71.346023
71.344908
71.344974
71.346151
71.348358
71.351499
71.355469
71.286100
71.215472
71.146074
71.077823
71.010637
70.944438
70.879149
70.814698
70.751019
70.688052
70.625741
70.564043
70.502919
70.442341
70.382289
70.322754
70.263736
70.205242
70.147291
70.089908
70.033127
69.976986
69.921532
69.866813
69.812883
69.759797
69.707612
69.656385
69.606171
69.557024
69.508996
69.462134
69.416481
69.372078
69.328956
69.287145
69.246665
69.207533
69.169759
69.133347
69.098293
69.064590
69.032223
69.001175
68.971419
68.942928
68.915670
68.889607
68.864701
68.840910
68.818192
68.796500
68.775790
68.756016
68.737132
68.719093
68.701856
68.685378
68.669619
68.654540
68.640106
68.626282
68.613038
68.600345
68.588179
68.576517
68.565337
68.554624
68.544361
68.534537
68.525139
68.516160
68.507593
68.499430
68.491668
68.484303
68.477331
68.470749
68.464555
68.458746
68.453318
68.448268
68.443591
68.439283
68.435336
68.431744
68.428498
68.425590
68.423007
68.420738
68.418770
68.417088
68.415677
68.414521
68.413602
68.412901
68.412400
68.412080
68.411920
68.411899
68.411998
68.412195
68.412470
68.412803
68.413173
68.413561
68.413947
68.414313
68.414640
68.414912
68.415112
68.415224
68.415232
68.415124
68.414886
68.414506
68.413972
68.413272
68.412398
68.411340
68.410089
68.408636
68.406976
68.405099
68.403000
68.400672
68.398109
68.395305
68.392254
68.388951
68.385389
68.381563
68.377467
68.373096
68.368443
68.363502
68.358266
68.352730
68.346887
68.340730
68.334251
68.327444
68.320301
68.312815
68.304979
68.296784
68.288224
68.279291
68.269977
68.260276
68.250179
68.239680
68.228772
68.217449
68.205703
68.193530
68.180923
68.167877
68.154387
68.140449
68.126058
68.111211
68.095905
68.080137
68.063905
68.047207
68.030041
68.012407
67.994305
67.975734
67.956696
67.937190
67.917219
67.896785
67.875889
67.854535
67.832725
67.810464
67.787754
67.764600
67.741007
67.716979
67.692523
67.667642
67.642345
67.616636
67.590522
67.564011
67.537110
67.509827
67.482169
67.454145
67.425763
67.397034
67.367966
67.338569
67.308854
67.278832
67.248512
67.217908
67.187030
67.155892
67.124506
67.092885
67.061042
67.028993
66.996751
66.964332
66.931750
66.899022
66.866164
66.833192
66.800124
66.766976
66.733768
66.700516
66.667240
66.633958
66.600690
66.567456
66.534274
66.501165
66.468150
66.435249
66.402482
66.369872
66.337438
66.305202
66.273186
66.241411
66.209898
66.178670
66.147747
66.117151
66.086904
66.057028
66.027543
65.998471
65.969833
65.941650
65.913942
65.886732
65.860038
65.833881
65.808281
65.783257
65.758829
65.735016
65.711835
65.689305
65.667444
65.646269
65.625797
65.606043
65.587025
65.568757
65.551254
65.534530
65.518599
65.503474
65.489168
65.475691
65.463056
65.451273
65.440351
65.430301
65.421129
65.418478
65.418490
65.418501
65.418510
65.418518
65.418524
65.418527
65.418527
65.418523
65.418517
65.418507
65.418494
65.418478
65.418459
65.418439
65.418418
65.418395
65.418373
65.418524
65.427433
65.437227
65.447899
65.459439
65.471838
65.485085
65.499168
65.514075
65.529793
65.546309
65.563608
65.581675
65.600497
65.620057
65.640339
65.661327
65.683004
65.705353
65.728357
65.751997
65.776256
65.801113
65.826551
65.852549
65.879089
65.906149
65.933710
65.961751
65.990251
66.019190
66.048546
66.078299
66.108426
66.138908
66.169722
66.200847
66.232263
66.263947
66.295878
66.328036
66.360398
66.392945
66.425656
66.458508
66.491483
66.524559
66.557717
66.590936
66.624196
66.657479
66.690764
66.724033
66.757266
66.790447
66.823556
66.856576
66.889490
66.922280
66.954930
66.987423
67.019744
67.051878
67.083808
67.115521
67.147003
67.178239
67.209216
67.239921
67.270341
67.300466
67.330282
67.359779
67.388946
67.417772
67.446249
67.474366
67.502114
67.529486
67.556472
67.583066
67.609260
67.635048
67.660423
67.685379
67.709910
67.734013
67.757681
67.780911
67.803699
67.826042
67.847936
67.869379
67.890369
67.910903
67.930980
67.950599
67.969759
67.988460
68.006701
68.024483
68.041805
68.058670
68.075078
68.091030
68.106529
68.121576
68.136174
68.150326
68.164033
68.177301
68.190131
68.202529
68.214496
68.226039
68.237162
68.247868
68.258164
68.268054
68.277544
68.286639
68.295346
68.303670
68.311617
68.319194
68.326408
68.333266
68.339774
68.345939
68.351770
68.357274
68.362459
68.367331
68.371901
68.376175
68.380163
68.383872
68.387313
68.390492
68.393421
68.396107
68.398561
68.400792
68.402809
68.404623
68.406243
68.407679
68.408943
68.410043
68.410992
68.411799
68.412476
68.413033
68.413482
68.413834
68.414101
68.414294
68.414425
68.414506
68.414549
68.414567
68.414571
68.414574
68.414590
68.414630
68.414708
68.414838
68.415032
68.415304
68.415667
68.416136
68.416725
68.417447
68.418317
68.419350
68.420560
68.421961
68.423570
68.425401
68.427469
68.429790
68.432379
68.435252
68.438426
68.441916
68.445738
68.449909
68.454445
68.459363
68.464681
68.470414
68.476580
68.483196
68.490279
68.497847
68.505918
68.514509
68.523637
68.533321
68.543579
68.554428
68.565887
68.577973
68.590706
68.604102
68.618180
68.632958
68.648455
68.664688
68.681676
68.699436
68.717987
68.737346
68.757531
68.778559
68.800449
68.823217
68.846879
68.871454
68.896958
68.923406
68.950815
68.979200
69.008577
69.038961
69.070365
69.102805
69.136293
69.170842
69.206466
69.243175
69.280982
69.319896
69.359928
69.401086
69.443380
69.486816
69.531402
69.577143
69.624043
69.672108
69.721340
69.771741
69.823311
69.876049
69.929956
69.985027
70.041258
70.098644
70.157179
70.216854
70.277659
70.339583
70.402614
70.466738
70.531938
70.598198
70.665498
70.733818
70.803135
70.873424
70.944661
71.016817
71.089862
71.163766
71.238495
71.314013
71.390284
71.410870
71.410762
71.410645
71.410522
71.410396
71.410273
71.410159
71.410058
71.409974
71.409911
71.409871
71.409855
71.409861
71.409889
71.409937
71.410000
71.410077
71.410164
71.410257
71.410355
71.410454
71.410553
71.410649
71.410741
71.410828
71.410909
71.410983
71.411050
71.411110
71.411162
71.411206
71.411242
71.411269
71.411289
71.411300
71.411303
71.411298
71.411286
71.411267
71.411241
71.411210
71.411175
71.411135
71.411092
71.411048
71.411002
71.410956
71.410910
71.410866
71.410824
71.410784
71.410748
71.410715
71.410686
71.410662
71.410641
71.410626
71.410615
71.410608
71.410605
71.410607
71.410612
71.410621
71.410633
71.410648
71.410665
71.410684
71.410704
71.410726
71.410749
71.410771
71.410794
71.410816
71.410837
71.410857
71.410875
71.410892
71.410907
71.410920
71.410931
71.410939
71.410946
71.410950
71.410952
71.410952
71.410950
71.410946
71.410941
71.410934
71.410926
71.410917
71.410907
71.410896
71.410885
71.410874
71.410863
71.410852
71.410842
71.410831
71.410822
71.410813
71.410806
71.410799
71.410793
71.410789
71.410785
71.410783
71.410781
71.410781
71.410781
71.410783
72.464556
72.684743
72.879011
73.039657
73.161468
73.239245
73.267805
73.262442
73.226178
73.161598
73.071527
72.958968
72.827055
72.679014
72.518122
72.347673
72.170939
71.991133
71.811365
71.634604
71.463636
71.301025
71.149075
71.009804
70.884911
70.775762
70.683379
70.608437
70.551266
70.511864
70.489916
70.484819
70.495705
70.521481
70.560854
70.612374
70.674466
70.745465
70.823654
70.907292
70.994648
71.084029
71.173807
71.262438
71.348488
71.430647
71.507746
71.578764
71.642843
71.699288
71.747571
71.787332
71.818375
71.840661
71.854304
71.859555
71.856796
71.846522
71.829329
71.805897
71.776974
71.743359
71.705886
71.665409
71.622785
71.578858
71.534447
71.490333
71.447251
71.405872
71.366804
71.330580
71.297656
71.268404
71.243115
71.221994
71.205167
71.192677
71.184492
71.180510
71.180562
71.184419
71.191803
71.202390
71.215820
71.231706
71.249640
71.269201
71.289968
71.311519
71.333444
71.355351
71.376868
71.397652
71.417392
71.435810
71.452669
71.467771
71.480957
71.492111
71.501158
71.508064
71.512831
71.515499
71.516140
71.514858
71.511782
71.507065
71.500881
71.493415
71.484868
71.475444
71.465353
71.454805
71.444002
71.433145
71.422418
71.411999
71.402045
71.392700
71.384088
71.376315
71.369464
71.363601
71.358769
71.354993
71.352278
71.350608
71.349956
71.350273
71.351501
71.353567
71.285077
71.213108
71.142446
71.073031
71.004801
70.937693
70.871642
70.806586
70.742462
70.679214
70.616785
70.555128
70.494197
70.433956
70.374374
70.315430
70.257108
70.199402
70.142313
70.085850
70.030029
69.974874
69.920412
69.866678
69.813710
69.761549
69.710239
69.659825
69.610354
69.561870
69.514419
69.468044
69.422783
69.378675
69.335752
69.294043
69.253574
69.214364
69.176427
69.139773
69.104406
69.070326
69.037527
69.005998
68.975723
68.946682
68.918852
68.892204
68.866708
68.842330
68.819033
68.796780
68.775531
68.755244
68.735880
68.717396
68.699751
68.682907
68.666822
68.651460
68.636783
68.622758
68.609353
68.596536
68.584280
68.572560
68.561351
68.550633
68.540387
68.530596
68.521247
68.512325
68.503820
68.495722
68.488023
68.480717
68.473796
68.467256
68.461092
68.455298
68.449870
68.444804
68.440093
68.435734
68.431719
68.428042
68.424695
68.421669
68.418956
68.416544
68.414422
68.412579
68.410999
68.409670
68.408575
68.407699
68.407025
68.406535
68.406211
68.406035
68.405988
68.406051
68.406205
68.406431
68.406710
68.407022
68.407350
68.407675
68.407979
68.408246
68.408459
68.408601
68.408658
68.408615
68.408459
68.408175
68.407753
68.407180
68.406445
68.405539
68.404451
68.403172
68.401694
68.400010
68.398111
68.395990
68.393641
68.391058
68.388232
68.385160
68.381834
68.378248
68.374398
68.370276
68.365877
68.361195
68.356224
68.350957
68.345389
68.339512
68.333320
68.326808
68.319966
68.312790
68.305272
68.297404
68.289181
68.280594
68.271637
68.262303
68.252586
68.242477
68.231972
68.221063
68.209744
68.198010
68.185854
68.173272
68.160259
68.146810
68.132921
68.118587
68.103806
68.088575
68.072891
68.056751
68.040155
68.023101
68.005588
67.987615
67.969184
67.950294
67.930947
67.911144
67.890886
67.870176
67.849017
67.827412
67.805363
67.782875
67.759952
67.736599
67.712820
67.688620
67.664006
67.638983
67.613557
67.587735
67.561525
67.534933
67.507967
67.480635
67.452945
67.424907
67.396529
67.367821
67.338793
67.309455
67.279818
67.249893
67.219690
67.189223
67.158503
67.127543
67.096357
67.064957
67.033357
67.001573
66.969618
66.937508
66.905259
66.872886
66.840406
66.807835
66.775191
66.742492
66.709754
66.676997
66.644238
66.611498
66.578794
66.546146
66.513575
66.481099
66.448739
66.416515
66.384448
66.352559
66.320868
66.289395
66.258163
66.227192
66.196504
66.166118
66.136057
66.106342
66.076993
66.048031
66.019477
65.991352
65.963677
65.936471
65.909754
65.883548
65.857871
65.832742
65.808181
65.784207
65.760837
65.738091
65.715985
65.694538
65.673765
65.653683
65.634309
65.615657
65.597742
65.580580
65.564183
65.548566
65.533740
65.519718
65.506511
65.494131
65.482588
65.471890
65.462048
65.453068
65.444960
65.437729
65.431382
65.425924
65.421359
65.417692
65.414926
65.413063
65.412104
65.412051
65.412903
65.414661
65.417322
65.420884
65.425345
65.430700
65.436945
65.444075
65.452084
65.460966
65.470712
65.481314
65.492765
65.505054
65.518171
65.532106
65.546846
65.562380
65.578694
65.595777
65.613613
65.632188
65.651488
65.671497
65.692198
65.713575
65.735612
65.758292
65.781595
65.805505
65.830002
65.855068
65.880685
65.906831
65.933489
65.960637
65.988256
66.016326
66.044826
66.073735
66.103033
66.132699
66.162712
66.193052
66.223697
66.254626
66.285819
66.317254
66.348911
66.380770
66.412809
66.445008
66.477347
66.509805
66.542363
66.575001
66.607699
66.640438
66.673199
66.705963
66.738711
66.771425
66.804088
66.836681
