67.172230
73.820754
74.894108
76.133739
72.509769
72.930064
73.511740
74.260886
73.277294
73.926249
73.491305
73.587507
73.589819
73.590497
73.591016
73.591430
73.591760
73.592024
73.592234
73.592402
73.592535
73.592641
73.592725
73.592791
73.592843
73.592883
73.592915
73.592939
73.592957
73.592971
73.592981
73.592987
73.592991
73.592994
73.592994
73.592993
73.592991
73.592988
73.592984
73.592980
73.592975
73.592970
73.592964
73.592958
73.592951
73.592944
73.592937
73.592930
73.592922
73.592915
73.592907
73.592899
73.592890
73.592882
73.592873
73.592864
73.592855
73.592846
73.592836
73.592827
73.592817
73.592807
73.592797
73.592787
73.592776
73.592766
73.592755
73.592744
73.592733
73.592722
73.592710
73.592699
73.592687
73.592675
73.592663
73.592651
73.592638
73.592626
73.592613
73.592600
73.592587
73.592574
73.592560
73.592547
73.592533
73.592519
73.592505
73.592491
73.592477
73.592462
73.592448
73.592433
73.592418
73.592402
73.592387
73.592372
73.592356
73.592340
73.592324
73.592308
73.592292
73.592275
73.592258
73.592242
73.592225
73.592208
73.592190
73.592173
73.592155
73.592137
73.592119
73.592101
73.592083
73.592064
73.592046
73.592027
73.592008
73.591989
73.591970
73.591950
73.591931
73.591911
73.591891
73.591871
73.591851
73.591830
73.591810
73.591789
73.591768
73.591747
73.591726
73.591704
73.591683
73.591661
73.591639
73.591617
73.591595
73.591572
73.591550
73.591527
73.591504
73.591481
73.591458
73.591434
73.591411
73.591387
73.591363
73.591339
73.591315
73.591291
73.591266
73.591242
73.591217
73.591192
73.591167
73.591141
73.591116
73.591090
73.591064
73.591038
73.591012
73.590986
73.590959
73.590933
73.590906
73.590879
73.590852
73.590824
73.590797
73.590769
73.590741
73.590713
73.590685
73.590657
73.590629
73.590600
73.590571
73.590542
73.590513
73.590484
73.590454
73.590425
73.590395
73.590365
73.590335
73.590305
73.590274
73.590244
73.590213
73.590182
73.590151
73.590120
73.590088
73.590057
73.590025
73.589993
73.589961
73.589929
73.589897
73.589864
73.589831
73.589798
73.589765
73.589732
73.589699
73.589665
73.589632
73.589598
73.589564
73.589529
73.589495
73.589461
73.589426
73.589391
73.589356
73.589321
73.589286
73.589250
73.589214
73.589179
73.589143
73.589106
73.589070
73.589034
73.588962
73.588884
73.588804
73.588723
73.588641
73.588558
73.588474
73.584278
73.572578
73.551895
73.520793
73.477759
73.421229
73.349610
73.261281
73.154588
73.027842
72.879314
72.707478
72.515337
72.306920
72.068775
71.840598
71.606671
71.381351
71.169041
70.973238
70.796564
70.640833
70.507135
70.395954
70.307276
70.240703
70.195542
70.170884
70.165652
70.178644
70.208548
70.253952
70.313349
70.385132
70.467604
70.558980
70.657401
70.760959
70.867719
70.975757
71.083188
71.188209
71.289132
71.384415
71.472690
71.552786
71.623744
71.684827
71.735521
71.775530
71.804774
71.823367
71.831609
71.829963
71.819036
71.799558
71.772360
71.738352
71.698506
71.653830
71.605355
71.554114
71.501125
71.447377
71.393816
71.341332
71.290746
71.242803
71.198163
71.157394
71.120970
71.089262
71.062546
71.040994
71.024685
71.013602
71.007640
71.006616
71.010270
71.018277
71.030257
71.045784
71.064395
71.085601
71.108895
71.133765
71.159701
71.186202
71.212788
71.239002
71.264423
71.288664
71.311381
71.332275
71.351095
71.367639
71.381755
71.393340
71.402340
71.408749
71.412603
71.413982
71.412999
71.409806
71.404580
71.397523
71.388860
71.378825
71.367667
71.355638
71.342990
71.329972
71.316826
71.303782
71.291055
71.278843
71.267324
71.256653
71.246964
71.238367
71.230944
71.224757
71.219839
71.216204
71.213840
71.212716
71.212782
71.213969
71.216194
71.219362
71.223365
71.154036
71.083493
71.014226
70.946149
70.879172
70.813206
70.748164
70.683964
70.620532
70.557798
70.495706
70.434205
70.373258
70.312837
70.252925
70.193514
70.134607
70.076215
70.018359
69.961067
69.904372
69.848317
69.792946
69.738310
69.684461
69.631453
69.579344
69.528189
69.478044
69.428963
69.380996
69.334192
69.288594
69.244243
69.201171
69.159408
69.118976
69.079892
69.042165
69.005801
68.970797
68.937144
68.904829
68.873833
68.844131
68.815695
68.788491
68.762484
68.737633
68.713898
68.691234
68.669596
68.648939
68.629217
68.610383
68.592393
68.575203
68.558771
68.543055
68.528018
68.513622
68.499835
68.486626
68.473966
68.461830
68.450194
68.439040
68.428350
68.418107
68.408301
68.398920
68.389955
68.381399
68.373246
68.365493
68.358134
68.351168
68.344590
68.338400
68.332592
68.327166
68.322117
68.317441
68.313132
68.309186
68.305593
68.302347
68.299438
68.296855
68.294586
68.292618
68.290937
68.289527
68.288372
68.287454
68.286755
68.286256
68.285938
68.285780
68.285762
68.285864
68.286064
68.286342
68.286678
68.287051
68.287442
68.287831
68.288200
68.288530
68.288805
68.289007
68.289121
68.289132
68.289027
68.288791
68.288412
68.287880
68.287182
68.286310
68.285253
68.284004
68.282553
68.280894
68.279020
68.276923
68.274597
68.272037
68.269236
68.266189
68.262889
68.259332
68.255511
68.251420
68.247055
68.242408
68.237475
68.232247
68.226720
68.220886
68.214739
68.208271
68.201476
68.194346
68.186874
68.179051
68.170872
68.162328
68.153412
68.144116
68.134433
68.124356
68.113877
68.102990
68.091688
68.079965
68.067815
68.055232
68.042211
68.028747
68.014835
68.000472
67.985653
67.970376
67.954637
67.938435
67.921768
67.904634
67.887033
67.868964
67.850428
67.831424
67.811955
67.792020
67.771623
67.750766
67.729451
67.707681
67.685460
67.662791
67.639680
67.616130
67.592146
67.567734
67.542899
67.517648
67.491986
67.465920
67.439458
67.412606
67.385373
67.357766
67.329793
67.301465
67.272788
67.243774
67.214432
67.184772
67.154805
67.124542
67.093994
67.063174
67.032094
67.000766
66.969204
66.937420
66.905431
66.873249
66.840890
66.808369
66.775701
66.742904
66.709994
66.676987
66.643901
66.610754
66.577565
66.544350
66.511130
66.477924
66.444751
66.411631
66.378584
66.345630
66.312789
66.280084
66.247534
66.215160
66.182984
66.151027
66.119311
66.087857
66.056686
66.025821
65.995282
65.965091
65.935270
65.905839
65.876821
65.848236
65.820106
65.792450
65.765290
65.738646
65.712538
65.686985
65.662008
65.637625
65.613856
65.590718
65.568231
65.546410
65.525275
65.504841
65.485124
65.466142
65.447908
65.430437
65.413745
65.397843
65.382747
65.368467
65.355015
65.342404
65.330643
65.319742
65.309710
65.300555
65.297919
65.297942
65.297959
65.297969
65.297973
65.297972
65.297966
65.297956
65.297944
65.297929
65.297913
65.297895
65.297876
65.297857
65.297838
65.297818
65.297798
65.297779
65.297933
65.306845
65.316637
65.327300
65.338826
65.351205
65.364426
65.378479
65.393353
65.409035
65.425512
65.442772
65.460800
65.479582
65.499103
65.519345
65.540294
65.561932
65.584242
65.607205
65.630804
65.655020
65.679834
65.705226
65.731178
65.757668
65.784679
65.812188
65.840176
65.868623
65.897507
65.926808
65.956504
65.986575
66.016999
66.047756
66.078823
66.110180
66.141805
66.173677
66.205775
66.238078
66.270565
66.303215
66.336007
66.368920
66.401935
66.435031
66.468188
66.501387
66.534607
66.567831
66.601038
66.634210
66.667329
66.700376
66.733335
66.766188
66.798917
66.831506
66.863939
66.896201
66.928275
66.960146
66.991801
67.023224
67.054402
67.085321
67.115970
67.146334
67.176402
67.206163
67.235606
67.264718
67.293492
67.321916
67.349980
67.377678
67.404999
67.431935
67.458480
67.484626
67.510366
67.535693
67.560603
67.585090
67.609147
67.632772
67.655959
67.678705
67.701007
67.722860
67.744264
67.765215
67.785711
67.805751
67.825334
67.844458
67.863125
67.881332
67.899081
67.916372
67.933205
67.949583
67.965506
67.980976
67.995996
68.010567
68.024692
68.038375
68.051618
68.064425
68.076799
68.088745
68.100267
68.111369
68.122056
68.132333
68.142205
68.151677
68.160756
68.169446
68.177755
68.185688
68.193251
68.200452
68.207297
68.213793
68.219948
68.225768
68.231262
68.236437
68.241301
68.245862
68.250129
68.254109
68.257812
68.261246
68.264420
68.267344
68.270025
68.272475
68.274701
68.276715
68.278526
68.280143
68.281577
68.282838
68.283937
68.284884
68.285690
68.286366
68.286922
68.287371
68.287723
68.287989
68.288182
68.288313
68.288394
68.288437
68.288455
68.288459
68.288463
68.288479
68.288519
68.288598
68.288727
68.288921
68.289193
68.289556
68.290024
68.290612
68.291333
68.292202
68.293233
68.294441
68.295840
68.297446
68.299274
68.301339
68.303655
68.306240
68.309109
68.312277
68.315760
68.319576
68.323739
68.328268
68.333177
68.338485
68.344208
68.350363
68.356967
68.364038
68.371592
68.379648
68.388224
68.397336
68.407002
68.417242
68.428071
68.439509
68.451574
68.464283
68.477654
68.491707
68.506459
68.521927
68.538131
68.555088
68.572815
68.591332
68.610656
68.630804
68.651794
68.673644
68.696370
68.719989
68.744519
68.769976
68.796376
68.823735
68.852068
68.881391
68.911719
68.943066
68.975446
69.008872
69.043359
69.078917
69.115559
69.153296
69.192139
69.232097
69.273180
69.315395
69.358752
69.403255
69.448912
69.495726
69.543703
69.592844
69.643152
69.694626
69.747268
69.801075
69.856044
69.912172
69.969453
70.027879
70.087444
70.148136
70.209946
70.272861
70.336866
70.401946
70.468083
70.535259
70.603452
70.672641
70.742801
70.813906
70.885928
70.958838
71.032605
71.107195
71.182574
71.258703
71.279147
71.278926
71.278738
71.278585
71.278465
71.278376
71.278314
71.278275
71.278256
71.278252
71.278261
71.278280
71.278309
71.278346
71.278391
71.278443
71.278503
71.278569
71.278642
71.278721
71.278805
71.278893
71.278983
71.279073
71.279162
71.279248
71.279329
71.279403
71.279471
71.279530
71.279579
71.279619
71.279649
71.279669
71.279680
71.279681
71.279675
71.279660
71.279638
71.279611
71.279578
71.279541
71.279500
71.279457
71.279412
71.279366
71.279320
71.279275
71.279231
71.279189
71.279150
71.279114
71.279081
71.279052
71.279027
71.279007
71.278991
71.278979
71.278972
71.278969
71.278971
71.278976
71.278985
71.278997
71.279012
71.279029
71.279048
71.279069
71.279091
71.279114
71.279137
71.279159
71.279181
71.279203
71.279223
71.279241
71.279258
71.279273
71.279286
71.279297
71.279306
71.279312
71.279317
71.279319
71.279319
71.279317
71.279313
71.279308
71.279301
71.279293
71.279284
71.279273
71.279263
71.279252
71.279241
71.279229
71.279218
71.279207
71.279197
71.279188
71.279179
71.279171
71.279165
71.279159
71.279154
71.279150
71.279148
71.279147
71.279146
71.279147
71.279148
72.335698
72.552782
72.745583
72.907373
73.033160
73.117927
73.156638
73.158138
73.127199
73.065926
72.976925
72.863226
72.728192
72.575422
72.408655
72.231676
72.048228
71.861938
71.676246
71.494354
71.319185
71.153347
70.999114
70.858414
70.732822
70.623562
70.531513
70.457219
70.400902
70.362477
70.341575
70.337562
70.349562
70.376486
70.417055
70.469835
70.533263
70.605684
70.685376
70.770589
70.859574
70.950608
71.042032
71.132268
71.219844
71.303419
71.381791
71.453916
71.518918
71.576087
71.624893
71.664975
71.696142
71.718369
71.731781
71.736647
71.733368
71.722458
71.704534
71.680295
71.650509
71.615995
71.577603
71.536205
71.492672
71.447863
71.402610
71.357705
71.313891
71.271850
71.232196
71.195468
71.162123
71.132539
71.107004
71.085726
71.068826
71.056344
71.048245
71.044419
71.044691
71.048826
71.056537
71.067492
71.081323
71.097634
71.116007
71.136017
71.157230
71.179219
71.201568
71.223877
71.245770
71.266898
71.286945
71.305632
71.322719
71.338005
71.351331
71.362582
71.371683
71.378601
71.383340
71.385944
71.386487
71.385076
71.381845
71.376952
71.370572
71.362898
71.354132
71.344486
71.334172
71.323402
71.312387
71.301325
71.290408
71.279812
71.269700
71.260216
71.251486
71.243615
71.236689
71.230772
71.225908
71.222120
71.219413
71.217770
71.217161
71.217537
71.218837
71.220987
71.152590
71.080760
71.010285
70.941099
70.873132
70.806310
70.740557
70.675799
70.611967
70.548993
70.486818
70.425390
70.364662
70.304599
70.245172
70.186361
70.128155
70.070550
70.013550
69.957166
69.901419
69.846330
69.791930
69.738255
69.685341
69.633230
69.581967
69.531597
69.482165
69.433719
69.386302
69.339957
69.294727
69.250649
69.207756
69.166078
69.125642
69.086467
69.048568
69.011957
68.976636
68.942605
68.909859
68.878387
68.848171
68.819193
68.791428
68.764847
68.739418
68.715109
68.691881
68.669695
68.648513
68.628293
68.608993
68.590571
68.572987
68.556200
68.540169
68.524858
68.510229
68.496248
68.482883
68.470103
68.457880
68.446189
68.435005
68.424309
68.414082
68.404306
68.394968
68.386055
68.377556
68.369462
68.361766
68.354459
68.347537
68.340994
68.334826
68.329027
68.323595
68.318523
68.313808
68.309443
68.305423
68.301742
68.298391
68.295363
68.292648
68.290235
68.288113
68.286270
68.284692
68.283365
68.282274
68.281402
68.280732
68.280247
68.279929
68.279759
68.279719
68.279788
68.279949
68.280182
68.280467
68.280786
68.281120
68.281450
68.281760
68.282032
68.282249
68.282395
68.282456
68.282416
68.282262
68.281981
68.281560
68.280988
68.280255
68.279349
68.278261
68.276983
68.275505
68.273821
68.271922
68.269802
68.267454
68.264871
68.262047
68.258976
68.255652
68.252070
68.248223
68.244105
68.239712
68.235035
68.230071
68.224812
68.219252
68.213385
68.207204
68.200702
68.193873
68.186710
68.179206
68.171354
68.163146
68.154577
68.145638
68.136322
68.126624
68.116536
68.106052
68.095165
68.083868
68.072158
68.060026
68.047469
68.034481
68.021058
68.007196
67.992890
67.978137
67.962935
67.947280
67.931170
67.914605
67.897582
67.880101
67.862162
67.843764
67.824909
67.805597
67.785829
67.765608
67.744936
67.723815
67.702248
67.680239
67.657792
67.634910
67.611599
67.587863
67.563707
67.539138
67.514160
67.488781
67.463007
67.436844
67.410301
67.383384
67.356103
67.328465
67.300478
67.272153
67.243498
67.214524
67.185241
67.155659
67.125789
67.095643
67.065233
67.034570
67.003668
66.972540
66.941198
66.909658
66.877933
66.846037
66.813987
66.781798
66.749485
66.717065
66.684555
66.651972
66.619333
66.586656
66.553960
66.521262
66.488582
66.455939
66.423351
66.390840
66.358424
66.326124
66.293960
66.261952
66.230122
66.198489
66.167075
66.135900
66.104987
66.074355
66.044026
66.014020
65.984359
65.955065
65.926156
65.897656
65.869583
65.841958
65.814803
65.788136
65.761978
65.736348
65.711267
65.686751
65.662822
65.639496
65.616792
65.594727
65.573319
65.552585
65.532541
65.513202
65.494585
65.476704
65.459573
65.443207
65.427619
65.412820
65.398825
65.385643
65.373285
65.361763
65.351086
65.341261
65.332299
65.324205
65.316988
65.310652
65.305204
65.300648
65.296988
65.294226
65.292366
65.291409
65.291356
65.292207
65.293961
65.296617
65.300172
65.304624
65.309969
65.316203
65.323320
65.331314
65.340178
65.349906
65.360489
65.371918
65.384184
65.397277
65.411185
65.425898
65.441403
65.457687
65.474738
65.492541
65.511082
65.530345
65.550317
65.570979
65.592317
65.614313
65.636950
65.660210
65.684075
65.708527
65.733547
65.759115
65.785213
65.811821
65.838919
65.866487
65.894504
65.922951
65.951807
65.981050
66.010661
66.040619
66.070902
66.101490
66.132362
66.163497
66.194874
66.226472
66.258271
66.290251
66.322390
66.354669
66.387067
66.419565
66.452142
66.484780
66.517458
66.550158
66.582861
66.615549
66.648202
66.680804
66.713337
