0.000000
3.000000
3.000000
3.000000
3.000000
3.000000
3.000000
3.000000
3.000000
3.000000
3.000000
3.000000
3.000000
3.000000
3.000000
3.000000
3.000000
3.000000
3.000000
3.000000
3.000000
3.000000
3.000000
3.000000
3.000000
3.000000
3.000000
3.000000
3.000000
3.000000
3.000000
3.000000
3.000000
3.000000
3.000000
3.000000
3.000000
3.000000
3.000000
3.000000
3.000000
3.000000
3.000000
3.000000
3.000000
3.000000
3.000000
3.000000
3.000000
3.000000
3.000000
3.000000
3.000000
3.000000
3.000000
3.000000
3.000000
3.000000
3.000000
3.000000
3.000000
3.000000
3.000000
3.000000
3.000000
3.000000
3.000000
3.000000
3.000000
3.000000
3.000000
3.000000
3.000000
3.000000
3.000000
3.000000
3.000000
3.000000
3.000000
3.000000
3.000000
3.000000
3.000000
3.000000
3.000000
3.000000
3.000000
3.000000
3.000000
3.000000
3.000000
3.000000
3.000000
3.000000
3.000000
3.000000
3.000000
3.000000
3.000000
3.000000
3.000000
3.000000
3.000000
3.000000
3.000000
3.000000
3.000000
3.000000
3.000000
3.000000
3.000000
3.000000
3.000000
3.000000
3.000000
3.000000
3.000000
3.000000
3.000000
3.000000
3.000000
3.000000
3.000000
3.000000
3.000000
3.000000
3.000000
3.000000
3.000000
3.000000
3.000000
3.000000
3.000000
3.000000
3.000000
3.000000
3.000000
3.000000
3.000000
3.000000
3.000000
3.000000
3.000000
3.000000
3.000000
3.000000
3.000000
3.000000
3.000000
3.000000
3.000000
3.000000
3.000000
3.000000
3.000000
3.000000
3.000000
3.000000
3.000000
3.000000
3.000000
3.000000
3.000000
3.000000
3.000000
3.000000
3.000000
3.000000
3.000000
3.000000
3.000000
3.000000
3.000000
3.000000
3.000000
3.000000
3.000000
3.000000
3.000000
3.000000
3.000000
3.000000
3.000000
3.000000
3.000000
3.000000
3.000000
3.000000
3.000000
3.000000
3.000000
3.000000
3.000000
3.000000
3.000000
3.000000
3.000000
3.000000
3.000000
3.000000
3.000000
3.000000
3.000000
3.000000
3.000000
3.000000
3.000000
3.000000
3.000000
3.000000
3.000000
3.000000
3.000000
3.000000
3.000000
3.000000
3.000000
3.000000
3.000000
3.000000
3.000000
3.000000
3.000000
3.000000
3.000000
3.000000
3.000000
3.000000
3.000000
3.000000
3.000000
3.000000
3.000000
3.000000
3.000000
3.000000
3.000000
3.000000
3.000000
3.000000
3.000000
3.000000
3.000000
3.000000
3.000000
3.000000
3.000000
3.000000
3.000000
3.000000
3.000000
3.000000
3.000000
3.000000
3.000000
3.000000
3.000000
3.000000
3.000000
3.000000
3.000000
3.000000
3.000000
3.000000
3.000000
3.000000
3.000000
3.000000
3.000000
3.000000
3.000000
3.000000
3.000000
3.000000
3.000000
3.000000
3.000000
3.000000
3.000000
3.000000
3.000000
3.000000
3.000000
3.000000
3.000000
3.000000
3.000000
3.000000
3.000000
3.000000
3.000000
3.000000
3.000000
3.000000
3.000000
3.000000
3.000000
3.000000
3.000000
3.000000
3.000000
3.000000
3.000000
3.000000
3.000000
3.000000
3.000000
3.000000
3.000000
3.000000
3.000000
3.000000
3.000000
3.000000
3.000000
3.000000
3.000000
3.000000
3.000000
3.000000
3.000000
3.000000
3.000000
3.000000
3.000000
3.000000
3.000000
3.000000
3.000000
3.000000
3.000000
3.000000
3.000000
3.000000
3.000000
3.000000
3.000000
3.000000
3.000000
3.000000
3.000000
3.000000
3.000000
3.000000
3.000000
3.000000
3.000000
3.000000
3.000000
3.000000
3.000000
3.000000
3.000000
3.000000
3.000000
3.000000
3.000000
3.000000
3.000000
3.000000
3.000000
3.000000
2.925947
2.850052
2.774925
2.700605
2.627127
2.554526
2.482834
2.412082
2.342297
2.273507
2.205735
2.139005
2.073337
2.008749
1.945259
1.882882
1.821630
1.761516
1.702549
1.644738
1.588089
1.532608
1.478299
1.425163
1.373204
1.322419
1.272809
1.224371
1.177101
1.130996
1.086050
1.042257
0.999609
0.958100
0.917719
0.878460
0.840310
0.803259
0.767297
0.732412
0.698591
0.665821
0.634089
0.603381
0.573683
0.544981
0.517258
0.490501
0.464694
0.439819
0.415862
0.392805
0.370632
0.349326
0.328869
0.309245
0.290435
0.272422
0.255188
0.238715
0.222985
0.207980
0.193682
0.180073
0.167135
0.154849
0.143197
0.132161
0.121722
0.111864
0.102568
0.093815
0.085588
0.077870
0.070642
0.063888
0.057589
0.051729
0.046289
0.041254
0.036606
0.032329
0.028406
0.024820
0.021555
0.018595
0.015924
0.013527
0.011387
0.009489
0.007817
0.006357
0.005094
0.004012
0.003097
0.002334
0.001709
0.001208
0.000817
0.000521
0.000307
0.000162
0.000072
0.000024
0.000004
0.000000
-0.000001
-0.000012
-0.000044
-0.000112
-0.000226
-0.000398
-0.000641
-0.000967
-0.001386
-0.001910
-0.002551
-0.003319
-0.004225
-0.005281
-0.006497
-0.007883
-0.009450
-0.011208
-0.013167
-0.015337
-0.017728
-0.020348
-0.023209
-0.026318
-0.029686
-0.033320
-0.037231
-0.041426
-0.045914
-0.050703
-0.055802
-0.061219
-0.066960
-0.073035
-0.079451
-0.086214
-0.093332
-0.100811
-0.108660
-0.116883
-0.125488
-0.134480
-0.143866
-0.153651
-0.163841
-0.174440
-0.185454
-0.196889
-0.208747
-0.221034
-0.233754
-0.246910
-0.260507
-0.274547
-0.289033
-0.303968
-0.319355
-0.335196
-0.351492
-0.368246
-0.385458
-0.403129
-0.421261
-0.439852
-0.458904
-0.478416
-0.498386
-0.518815
-0.539701
-0.561041
-0.582833
-0.605076
-0.627765
-0.650899
-0.674472
-0.698481
-0.722921
-0.747787
-0.773075
-0.798777
-0.824888
-0.851402
-0.878311
-0.905607
-0.933283
-0.961330
-0.989740
-1.018502
-1.047609
-1.077048
-1.106810
-1.136884
-1.167258
-1.197920
-1.228858
-1.260059
-1.291510
-1.323197
-1.355105
-1.387221
-1.419530
-1.452016
-1.484663
-1.517455
-1.550376
-1.583409
-1.616537
-1.649742
-1.683005
-1.716310
-1.749637
-1.782967
-1.816281
-1.849559
-1.882783
-1.915931
-1.948984
-1.981921
-2.014722
-2.047366
-2.079832
-2.112099
-2.144146
-2.175951
-2.207493
-2.238751
-2.269703
-2.300328
-2.330605
-2.360511
-2.390027
-2.419130
-2.447799
-2.476014
-2.503754
-2.530997
-2.557725
-2.583916
-2.609550
-2.634609
-2.659072
-2.682921
-2.706137
-2.728702
-2.750598
-2.771808
-2.792314
-2.812100
-2.831151
-2.849451
-2.866984
-2.883737
-2.899696
-2.914848
-2.929180
-2.942680
-2.955337
-2.967141
-2.978081
-2.988149
-2.997335
-3.000000
-3.000000
-3.000000
-3.000000
-3.000000
-3.000000
-3.000000
-3.000000
-3.000000
-3.000000
-3.000000
-3.000000
-3.000000
-3.000000
-3.000000
-3.000000
-3.000000
-3.000000
-2.999826
-2.990896
-2.981082
-2.970394
-2.958839
-2.946428
-2.933170
-2.919078
-2.904162
-2.888435
-2.871911
-2.854601
-2.836522
-2.817687
-2.798112
-2.777812
-2.756804
-2.735105
-2.712732
-2.689703
-2.666035
-2.641747
-2.616859
-2.591389
-2.565357
-2.538782
-2.511685
-2.484087
-2.456007
-2.427466
-2.398486
-2.369088
-2.339292
-2.309120
-2.278593
-2.247733
-2.216561
-2.185098
-2.153367
-2.121387
-2.089182
-2.056771
-2.024176
-1.991418
-1.958518
-1.925496
-1.892373
-1.859169
-1.825904
-1.792598
-1.759271
-1.725941
-1.692629
-1.659351
-1.626128
-1.592976
-1.559914
-1.526959
-1.494128
-1.461437
-1.428903
-1.396542
-1.364369
-1.332399
-1.300646
-1.269126
-1.237852
-1.206836
-1.176093
-1.145635
-1.115473
-1.085619
-1.056085
-1.026881
-0.998018
-0.969505
-0.941351
-0.913567
-0.886160
-0.859138
-0.832509
-0.806280
-0.780459
-0.755051
-0.730062
-0.705497
-0.681363
-0.657663
-0.634402
-0.611584
-0.589211
-0.567288
-0.545817
-0.524800
-0.504239
-0.484136
-0.464492
-0.445307
-0.426582
-0.408318
-0.390514
-0.373170
-0.356284
-0.339856
-0.323884
-0.308367
-0.293301
-0.278686
-0.264518
-0.250794
-0.237511
-0.224665
-0.212254
-0.200272
-0.188716
-0.177581
-0.166862
-0.156555
-0.146653
-0.137153
-0.128047
-0.119331
-0.110998
-0.103042
-0.095456
-0.088234
-0.081369
-0.074854
-0.068681
-0.062843
-0.057334
-0.052143
-0.047265
-0.042691
-0.038412
-0.034420
-0.030707
-0.027263
-0.024080
-0.021148
-0.018459
-0.016003
-0.013771
-0.011752
-0.009937
-0.008316
-0.006879
-0.005615
-0.004514
-0.003566
-0.002759
-0.002082
-0.001526
-0.001077
-0.000726
-0.000461
-0.000269
-0.000139
-0.000060
-0.000018
-0.000002
-0.000000
0.000002
0.000016
0.000054
0.000131
0.000259
0.000451
0.000722
0.001084
0.001552
0.002139
0.002861
0.003730
0.004762
0.005972
0.007374
0.008983
0.010814
0.012883
0.015204
0.017795
0.020670
0.023846
0.027338
0.031163
0.035338
0.039878
0.044800
0.050122
0.055860
0.062032
0.068654
0.075744
0.083320
0.091399
0.099998
0.109136
0.118830
0.129098
0.139959
0.151430
0.163529
0.176275
0.189685
0.203779
0.218573
0.234087
0.250338
0.267345
0.285125
0.303697
0.323078
0.343286
0.364338
0.386253
0.409046
0.432737
0.457340
0.482873
0.509352
0.536793
0.565212
0.594623
0.625043
0.656485
0.688963
0.722491
0.757082
0.792748
0.829502
0.867354
0.906315
0.946395
0.987604
1.029949
1.073438
1.118078
1.163875
1.210833
1.258957
1.308250
1.358713
1.410347
1.463151
1.517124
1.572264
1.628566
1.686024
1.744632
1.804381
1.865263
1.927266
1.990376
2.054581
2.119864
2.186208
2.253594
2.322001
2.391407
2.461787
2.533115
2.605364
2.678503
2.752502
2.827328
2.902944
2.979314
3.000000
3.000000
3.000000
3.000000
3.000000
3.000000
3.000000
3.000000
3.000000
3.000000
3.000000
3.000000
3.000000
3.000000
3.000000
3.000000
3.000000
3.000000
3.000000
3.000000
3.000000
3.000000
3.000000
3.000000
3.000000
3.000000
3.000000
3.000000
3.000000
3.000000
3.000000
3.000000
3.000000
3.000000
3.000000
3.000000
3.000000
3.000000
3.000000
3.000000
3.000000
3.000000
3.000000
3.000000
3.000000
3.000000
3.000000
3.000000
3.000000
3.000000
3.000000
3.000000
3.000000
3.000000
3.000000
3.000000
3.000000
3.000000
3.000000
3.000000
3.000000
3.000000
3.000000
3.000000
3.000000
3.000000
3.000000
3.000000
3.000000
3.000000
3.000000
3.000000
3.000000
3.000000
3.000000
3.000000
3.000000
3.000000
3.000000
3.000000
3.000000
3.000000
3.000000
3.000000
3.000000
3.000000
3.000000
3.000000
3.000000
3.000000
3.000000
3.000000
3.000000
3.000000
3.000000
3.000000
3.000000
3.000000
3.000000
3.000000
3.000000
3.000000
3.000000
3.000000
3.000000
3.000000
3.000000
3.000000
3.000000
3.000000
3.000000
3.000000
3.000000
3.000000
3.000000
3.000000
3.000000
3.000000
3.000000
3.000000
3.000000
3.000000
3.000000
3.000000
3.000000
3.000000
3.000000
3.000000
3.000000
3.000000
3.000000
3.000000
3.000000
3.000000
3.000000
3.000000
3.000000
3.000000
3.000000
3.000000
3.000000
3.000000
3.000000
3.000000
3.000000
3.000000
3.000000
3.000000
3.000000
3.000000
3.000000
3.000000
3.000000
3.000000
3.000000
3.000000
3.000000
3.000000
3.000000
3.000000
3.000000
3.000000
3.000000
3.000000
3.000000
3.000000
3.000000
3.000000
3.000000
3.000000
3.000000
3.000000
3.000000
3.000000
3.000000
3.000000
3.000000
3.000000
3.000000
3.000000
3.000000
3.000000
3.000000
3.000000
3.000000
3.000000
3.000000
3.000000
3.000000
3.000000
3.000000
3.000000
3.000000
3.000000
3.000000
3.000000
3.000000
3.000000
3.000000
3.000000
3.000000
3.000000
3.000000
3.000000
3.000000
3.000000
3.000000
3.000000
3.000000
3.000000
3.000000
3.000000
3.000000
3.000000
3.000000
3.000000
3.000000
3.000000
3.000000
3.000000
3.000000
3.000000
3.000000
3.000000
3.000000
3.000000
3.000000
3.000000
3.000000
3.000000
3.000000
3.000000
3.000000
3.000000
3.000000
3.000000
3.000000
3.000000
3.000000
3.000000
3.000000
3.000000
3.000000
2.928688
2.853243
2.778549
2.704641
2.631558
2.559331
2.487995
2.417578
2.348110
2.279616
2.212122
2.145650
2.080222
2.015855
1.952568
1.890376
1.829293
1.769331
1.710501
1.652810
1.596267
1.540878
1.486646
1.433576
1.381668
1.330923
1.281342
1.232921
1.185658
1.139549
1.094589
1.050773
1.008093
0.966543
0.926114
0.886798
0.848583
0.811461
0.775420
0.740449
0.706536
0.673667
0.641831
0.611013
0.581199
0.552376
0.524528
0.497641
0.471698
0.446685
0.422585
0.399382
0.377059
0.355600
0.334988
0.315205
0.296234
0.278059
0.260661
0.244023
0.228126
0.212954
0.198488
0.184710
0.171603
0.159149
0.147329
0.136125
0.125521
0.115497
0.106037
0.097122
0.088735
0.080858
0.073474
0.066565
0.060115
0.054106
0.048521
0.043343
0.038556
0.034143
0.030088
0.026373
0.022984
0.019905
0.017118
0.014609
0.012362
0.010362
0.008593
0.007041
0.005691
0.004527
0.003536
0.002703
0.002013
0.001453
0.001009
0.000666
0.000412
0.000233
0.000115
0.000046
0.000012
0.000001
-0.000000
-0.000004
-0.000022
-0.000068
-0.000152
-0.000288
-0.000486
-0.000759
-0.001117
-0.001572
-0.002136
-0.002819
-0.003632
-0.004585
-0.005690
-0.006956
-0.008395
-0.010015
-0.011827
-0.013841
-0.016067
-0.018513
-0.021190
-0.024106
-0.027271
-0.030693
-0.034381
-0.038344
-0.042590
-0.047127
-0.051964
-0.057109
-0.062569
-0.068351
-0.074464
-0.080914
-0.087709
-0.094856
-0.102360
-0.110230
-0.118470
-0.127087
-0.136088
-0.145477
-0.155261
-0.165444
-0.176032
-0.187029
-0.198440
-0.210270
-0.222523
-0.235202
-0.248311
-0.261853
-0.275832
-0.290251
-0.305112
-0.320417
-0.336168
-0.352368
-0.369017
-0.386116
-0.403667
-0.421670
-0.440125
-0.459032
-0.478390
-0.498198
-0.518456
-0.539161
-0.560312
-0.581907
-0.603943
-0.626416
-0.649324
-0.672663
-0.696428
-0.720615
-0.745219
-0.770234
-0.795655
-0.821475
-0.847688
-0.874287
-0.901264
-0.928611
-0.956320
-0.984383
-1.012789
-1.041530
-1.070594
-1.099973
-1.129654
-1.159627
-1.189880
-1.220399
-1.251174
-1.282190
-1.313434
-1.344893
-1.376552
-1.408395
-1.440409
-1.472578
-1.504885
-1.537314
-1.569850
-1.602474
-1.635170
-1.667920
-1.700706
-1.733510
-1.766313
-1.799096
-1.831841
-1.864527
-1.897136
-1.929648
-1.962041
-1.994298
-2.026396
-2.058316
-2.090036
-2.121537
-2.152797
-2.183795
-2.214511
-2.244924
-2.275012
-2.304754
-2.334131
-2.363120
-2.391702
-2.419855
-2.447560
-2.474795
-2.501541
-2.527778
-2.553485
-2.578645
-2.603236
-2.627242
-2.650643
-2.673420
-2.695557
-2.717036
-2.737839
-2.757951
-2.777355
-2.796036
-2.813979
-2.831168
-2.847591
-2.863234
-2.878084
-2.892128
-2.905356
-2.917756
-2.929318
-2.940032
-2.949890
-2.958883
-2.967004
-2.974245
-2.980601
-2.986067
-2.990637
-2.994308
-2.997077
-2.998942
-2.999900
-2.999951
-2.999096
-2.997334
-2.994667
-2.991098
-2.986630
-2.981265
-2.975010
-2.967869
-2.959847
-2.950953
-2.941193
-2.930575
-2.919109
-2.906803
-2.893669
-2.879716
-2.864957
-2.849404
-2.833069
-2.815965
-2.798107
-2.779509
-2.760187
-2.740154
-2.719428
-2.698025
-2.675962
-2.653256
-2.629925
-2.605987
-2.581461
-2.556365
-2.530718
-2.504540
-2.477851
-2.450670
-2.423017
-2.394914
-2.366379
-2.337435
-2.308101
-2.278398
-2.248348
-2.217971
-2.187288
-2.156321
-2.125089
-2.093615
-2.061918
-2.030019
-1.997940
-1.965701
-1.933321
-1.900822
-1.868223
-1.835545
-1.802806
-1.770026
-1.737224
-1.704420
-1.671631
-1.638876
-1.606173
-1.573540
