0.591057
0.000043
0.000046
0.000048
0.000078
0.000060
0.000059
0.000060
0.000072
0.000064
0.000071
0.000068
0.000069
0.000069
0.000070
0.000070
0.000071
0.000071
0.000071
0.000072
0.000072
0.000072
0.000072
0.000073
0.000073
0.000073
0.000073
0.000073
0.000073
0.000074
0.000074
0.000074
0.000074
0.000074
0.000074
0.000074
0.000075
0.000075
0.000075
0.000075
0.000075
0.000075
0.000075
0.000076
0.000076
0.000076
0.000076
0.000076
0.000076
0.000076
0.000077
0.000077
0.000077
0.000077
0.000077
0.000077
0.000077
0.000078
0.000078
0.000078
0.000078
0.000078
0.000078
0.000078
0.000078
0.000079
0.000079
0.000079
0.000079
0.000079
0.000079
0.000079
0.000080
0.000080
0.000080
0.000080
0.000080
0.000080
0.000080
0.000081
0.000081
0.000081
0.000081
0.000081
0.000081
0.000081
0.000081
0.000082
0.000082
0.000082
0.000082
0.000082
0.000082
0.000082
0.000083
0.000083
0.000083
0.000083
0.000083
0.000083
0.000083
0.000084
0.000084
0.000084
0.000084
0.000084
0.000084
0.000084
0.000084
0.000085
0.000085
0.000085
0.000085
0.000085
0.000085
0.000085
0.000086
0.000086
0.000086
0.000086
0.000086
0.000086
0.000086
0.000087
0.000087
0.000087
0.000087
0.000087
0.000087
0.000087
0.000087
0.000088
0.000088
0.000088
0.000088
0.000088
0.000088
0.000088
0.000089
0.000089
0.000089
0.000089
0.000089
0.000089
0.000089
0.000090
0.000090
0.000090
0.000090
0.000090
0.000090
0.000090
0.000090
0.000091
0.000091
0.000091
0.000091
0.000091
0.000091
0.000091
0.000092
0.000092
0.000092
0.000092
0.000092
0.000092
0.000092
0.000093
0.000093
0.000093
0.000093
0.000093
0.000093
0.000093
0.000093
0.000094
0.000094
0.000094
0.000094
0.000094
0.000094
0.000094
0.000095
0.000095
0.000095
0.000095
0.000095
0.000095
0.000095
0.000096
0.000096
0.000096
0.000096
0.000096
0.000096
0.000096
0.000096
0.000097
0.000097
0.000097
0.000097
0.000097
0.000097
0.000097
0.000098
0.000098
0.000098
0.000098
0.000098
0.000098
0.000098
0.000099
0.000099
0.000099
0.000099
0.000099
0.000099
0.000099
0.000099
0.000100
0.000100
0.000100
0.000100
0.000100
0.000100
0.000100
0.000101
0.000101
0.000101
0.000101
0.000101
0.000071
-0.000079
-0.000245
-0.000392
-0.000536
-0.000676
-0.000811
-0.000939
-0.001057
-0.001163
-0.001252
-0.001311
-0.001142
-0.000977
0.017928
0.028865
0.047150
0.063707
0.077274
0.087157
0.093157
0.095498
0.094714
0.091540
0.086795
0.081288
0.075732
0.070700
0.066589
0.063619
0.061845
0.061186
0.061458
0.062419
0.063801
0.065344
0.066823
0.068064
0.068950
0.069424
0.069483
0.069166
0.068547
0.067714
0.066765
0.065792
0.064873
0.064071
0.063426
0.062961
0.062678
0.062565
0.062599
0.062751
0.062987
0.063278
0.063594
0.063913
0.064219
0.064501
0.064753
0.064976
0.065174
0.065350
0.065510
0.065661
0.065807
0.065951
0.066093
0.066235
0.066373
0.066505
0.066626
0.066735
0.066825
0.066896
0.066943
0.066967
0.066967
0.066943
0.066898
0.066834
0.066753
0.066658
0.066553
0.066441
0.066325
0.066208
0.066092
0.065979
0.065870
0.065769
0.065674
0.065588
0.065511
0.065444
0.065387
0.065340
0.065304
0.065277
0.065261
0.065255
0.065259
0.065271
0.065292
0.065321
0.065356
0.065397
0.065443
0.065493
0.065546
0.065601
0.065656
0.065711
0.065765
0.065817
0.065865
0.065911
0.065951
0.065988
0.066019
0.066045
0.066066
0.066081
0.066091
0.066096
0.066096
0.066091
0.066082
0.066069
0.066052
0.066032
0.065990
0.065924
0.065837
0.065733
0.065616
0.065493
0.065367
0.065244
0.065127
0.065018
0.064919
0.064830
0.064752
0.064682
0.064620
0.064565
0.064514
0.064466
0.064421
0.064377
0.064335
0.064293
0.064251
0.064211
0.064172
0.064134
0.064098
0.064063
0.064030
0.064000
0.063971
0.063944
0.063918
0.063893
0.063868
0.063845
0.063821
0.063797
0.063773
0.063748
0.063723
0.063697
0.063671
0.063644
0.063617
0.063589
0.063561
0.063534
0.063506
0.063479
0.063452
0.063426
0.063400
0.063375
0.063350
0.063326
0.063304
0.063282
0.063261
0.063242
0.063223
0.063206
0.063190
0.063175
0.063161
0.063148
0.063137
0.063127
0.063118
0.063110
0.063103
0.063097
0.063092
0.063088
0.063084
0.063082
0.063079
0.063078
0.063077
0.063076
0.063075
0.063075
0.063075
0.063075
0.063075
0.063076
0.063076
0.063076
0.063076
0.063076
0.063075
0.063075
0.063074
0.063074
0.063073
0.063072
0.063071
0.063070
0.063069
0.063067
0.063066
0.063064
0.063063
0.063061
0.063060
0.063058
0.063057
0.063055
0.063054
0.063052
0.063051
0.063050
0.063049
0.063048
0.063047
0.063046
0.063045
0.063044
0.063043
0.063042
0.063042
0.063041
0.063040
0.063039
0.063037
0.063036
0.063034
0.063033
0.063031
0.063029
0.063026
0.063023
0.063020
0.063017
0.063013
0.063009
0.063005
0.063000
0.062995
0.062990
0.062984
0.062977
0.062971
0.062964
0.062956
0.062948
0.062940
0.062931
0.062921
0.062912
0.062902
0.062891
0.062880
0.062869
0.062857
0.062845
0.062833
0.062820
0.062807
0.062793
0.062779
0.062765
0.062750
0.062735
0.062719
0.062703
0.062687
0.062670
0.062653
0.062636
0.062618
0.062599
0.062581
0.062562
0.062542
0.062522
0.062502
0.062481
0.062460
0.062439
0.062417
0.062394
0.062372
0.062349
0.062325
0.062301
0.062277
0.062252
0.062227
0.062201
0.062176
0.062149
0.062123
0.062096
0.062069
0.062041
0.062013
0.061985
0.061957
0.061928
0.061899
0.061870
0.061841
0.061811
0.061781
0.061751
0.061721
0.061691
0.061660
0.061630
0.061599
0.061568
0.061537
0.061507
0.061476
0.061445
0.061414
0.061383
0.061352
0.061321
0.061291
0.061260
0.061230
0.061199
0.061169
0.061139
0.061109
0.061079
0.061050
0.061021
0.060992
0.060963
0.060935
0.060907
0.060879
0.060852
0.060825
0.060798
0.060772
0.060746
0.060721
0.060696
0.060672
0.060648
0.060625
0.060602
0.060580
0.060558
0.060537
0.060517
0.060497
0.060478
0.060460
0.060442
0.060425
0.060408
0.060393
0.060378
0.060364
0.060350
0.060338
0.060326
0.060315
0.060305
0.060295
0.060287
0.060279
0.060274
0.060271
0.060271
0.060273
0.060276
0.060280
0.060285
0.060290
0.060294
0.060297
0.060299
0.060301
0.060301
0.060301
0.060300
0.060299
0.060297
0.060296
0.060294
0.060295
0.060299
0.060306
0.060316
0.060329
0.060344
0.060361
0.060379
0.060398
0.060418
0.060438
0.060457
0.060477
0.060497
0.060516
0.060536
0.060556
0.060576
0.060596
0.060618
0.060640
0.060662
0.060686
0.060710
0.060735
0.060761
0.060787
0.060814
0.060842
0.060869
0.060897
0.060926
0.060954
0.060983
0.061012
0.061041
0.061071
0.061100
0.061130
0.061160
0.061190
0.061220
0.061251
0.061281
0.061312
0.061343
0.061374
0.061405
0.061436
0.061467
0.061497
0.061528
0.061559
0.061590
0.061621
0.061651
0.061681
0.061712
0.061742
0.061772
0.061801
0.061831
0.061860
0.061890
0.061918
0.061947
0.061976
0.062004
0.062032
0.062059
0.062087
0.062114
0.062140
0.062167
0.062193
0.062218
0.062244
0.062269
0.062293
0.062317
0.062341
0.062365
0.062388
0.062410
0.062433
0.062455
0.062476
0.062497
0.062518
0.062538
0.062558
0.062577
0.062596
0.062615
0.062633
0.062650
0.062668
0.062684
0.062701
0.062717
0.062732
0.062747
0.062762
0.062776
0.062790
0.062804
0.062817
0.062829
0.062841
0.062853
0.062865
0.062876
0.062886
0.062896
0.062906
0.062916
0.062925
0.062933
0.062942
0.062950
0.062957
0.062965
0.062971
0.062978
0.062984
0.062990
0.062996
0.063001
0.063006
0.063011
0.063015
0.063019
0.063023
0.063027
0.063030
0.063033
0.063036
0.063039
0.063041
0.063043
0.063045
0.063047
0.063049
0.063050
0.063051
0.063052
0.063053
0.063054
0.063055
0.063055
0.063055
0.063056
0.063056
0.063056
0.063056
0.063056
0.063056
0.063056
0.063056
0.063056
0.063056
0.063055
0.063055
0.063055
0.063055
0.063055
0.063056
0.063056
0.063056
0.063056
0.063057
0.063058
0.063058
0.063059
0.063061
0.063062
0.063063
0.063065
0.063067
0.063069
0.063072
0.063075
0.063078
0.063081
0.063085
0.063089
0.063093
0.063098
0.063103
0.063108
0.063114
0.063121
0.063127
0.063135
0.063142
0.063151
0.063159
0.063169
0.063179
0.063189
0.063200
0.063211
0.063224
0.063236
0.063250
0.063264
0.063279
0.063294
0.063310
0.063327
0.063345
0.063363
0.063383
0.063403
0.063423
0.063445
0.063467
0.063491
0.063515
0.063540
0.063566
0.063593
0.063621
0.063650
0.063679
0.063710
0.063742
0.063775
0.063808
0.063843
0.063879
0.063916
0.063953
0.063992
0.064032
0.064073
0.064115
0.064159
0.064203
0.064248
0.064295
0.064342
0.064391
0.064440
0.064491
0.064543
0.064596
0.064650
0.064705
0.064761
0.064818
0.064877
0.064936
0.064996
0.065057
0.065119
0.065183
0.065247
0.065312
0.065378
0.065444
0.065512
0.065580
0.065650
0.065720
0.065790
0.065862
0.065918
0.065954
0.065968
0.065966
0.065949
0.065922
0.065891
0.065859
0.065830
0.065805
0.065787
0.065776
0.065772
0.065773
0.065779
0.065787
0.065797
0.065808
0.065817
0.065825
0.065830
0.065833
0.065834
0.065833
0.065831
0.065827
0.065823
0.065820
0.065816
0.065813
0.065811
0.065810
0.065810
0.065810
0.065811
0.065812
0.065813
0.065814
0.065815
0.065816
0.065817
0.065817
0.065818
0.065818
0.065818
0.065818
0.065817
0.065817
0.065817
0.065817
0.065817
0.065817
0.065817
0.065817
0.065817
0.065818
0.065818
0.065818
0.065818
0.065818
0.065818
0.065818
0.065818
0.065818
0.065818
0.065818
0.065818
0.065818
0.065817
0.065817
0.065817
0.065817
0.065817
0.065817
0.065817
0.065817
0.065817
0.065817
0.065817
0.065817
0.065817
0.065817
0.065817
0.065817
0.065817
0.065817
0.065817
0.065817
0.065817
0.065817
0.065817
0.065817
0.065817
0.065817
0.065817
0.065817
0.065817
0.065817
0.065817
0.065817
0.065817
0.065817
0.065817
0.065817
0.065817
0.065817
0.065817
0.065817
0.065817
0.065817
0.064429
0.065980
0.066714
0.066142
0.064154
0.060659
0.055584
0.052152
0.049489
0.047836
0.047301
0.047871
0.049431
0.051796
0.054733
0.057998
0.061355
0.064598
0.067560
0.070125
0.072225
0.073839
0.074981
0.075695
0.076044
0.076100
0.075933
0.075609
0.075182
0.074694
0.074171
0.073628
0.073072
0.072498
0.071900
0.071270
0.070601
0.069891
0.069139
0.068351
0.067537
0.066710
0.065887
0.065085
0.064322
0.063614
0.062977
0.062424
0.061963
0.061600
0.061339
0.061179
0.061116
0.061146
0.061262
0.061454
0.061714
0.062032
0.062398
0.062801
0.063232
0.063682
0.064141
0.064602
0.065056
0.065497
0.065919
0.066314
0.066680
0.067011
0.067304
0.067556
0.067766
0.067933
0.068055
0.068134
0.068170
0.068166
0.068124
0.068046
0.067935
0.067796
0.067633
0.067449
0.067248
0.067036
0.066816
0.066592
0.066369
0.066150
0.065938
0.065737
0.065549
0.065377
0.065223
0.065089
0.064975
0.064883
0.064813
0.064764
0.064738
0.064732
0.064745
0.064778
0.064827
0.064891
0.064968
0.065057
0.065154
0.065259
0.065368
0.065479
0.065591
0.065701
0.065808
0.065910
0.066005
0.066093
0.066172
0.066242
0.066301
0.066350
0.066388
0.066414
0.066431
0.066437
0.066433
0.066419
0.066397
0.066368
0.066332
0.066290
0.066243
0.066174
0.066080
0.065966
0.065834
0.065692
0.065543
0.065393
0.065248
0.065110
0.064983
0.064869
0.064767
0.064678
0.064601
0.064534
0.064477
0.064426
0.064382
0.064342
0.064305
0.064272
0.064241
0.064212
0.064185
0.064159
0.064136
0.064114
0.064094
0.064076
0.064059
0.064043
0.064028
0.064013
0.063998
0.063983
0.063966
0.063948
0.063929
0.063908
0.063885
0.063860
0.063834
0.063806
0.063776
0.063744
0.063712
0.063679
0.063645
0.063611
0.063576
0.063542
0.063509
0.063476
0.063443
0.063412
0.063382
0.063354
0.063326
0.063301
0.063277
0.063255
0.063235
0.063216
0.063200
0.063185
0.063173
0.063162
0.063153
0.063145
0.063139
0.063135
0.063132
0.063130
0.063129
0.063129
0.063130
0.063131
0.063133
0.063135
0.063138
0.063140
0.063143
0.063145
0.063148
0.063150
0.063152
0.063153
0.063154
0.063154
0.063155
0.063154
0.063153
0.063152
0.063151
0.063149
0.063146
0.063144
0.063141
0.063138
0.063135
0.063131
0.063128
0.063125
0.063121
0.063118
0.063115
0.063112
0.063110
0.063107
0.063105
0.063103
0.063101
0.063099
0.063098
0.063097
0.063096
0.063096
0.063095
0.063095
0.063095
0.063095
0.063095
0.063095
0.063094
0.063094
0.063094
0.063093
0.063093
0.063092
0.063091
0.063089
0.063088
0.063085
0.063083
0.063080
0.063076
0.063073
0.063068
0.063064
0.063058
0.063053
0.063047
0.063040
0.063033
0.063025
0.063017
0.063009
0.063000
0.062990
0.062981
0.062971
0.062960
0.062949
0.062938
0.062926
0.062914
0.062902
0.062889
0.062876
0.062862
0.062849
0.062835
0.062820
0.062805
0.062790
0.062775
0.062759
0.062743
0.062727
0.062710
0.062693
0.062675
0.062657
0.062639
0.062620
0.062601
0.062582
0.062562
0.062542
0.062521
0.062500
0.062478
0.062456
0.062434
0.062411
0.062388
0.062364
0.062340
0.062316
0.062291
0.062266
0.062240
0.062214
0.062188
0.062161
0.062134
0.062107
0.062080
0.062052
0.062024
0.061995
0.061967
0.061938
0.061909
0.061879
0.061850
0.061820
0.061790
0.061760
0.061730
0.061700
0.061670
0.061640
0.061610
0.061579
0.061549
0.061519
0.061488
0.061458
0.061428
0.061397
0.061367
0.061337
0.061307
0.061278
0.061248
0.061219
0.061189
0.061160
0.061131
0.061103
0.061075
0.061046
0.061019
0.060991
0.060964
0.060937
0.060911
0.060885
0.060859
0.060834
0.060809
0.060785
0.060761
0.060738
0.060715
0.060693
0.060671
0.060650
0.060629
0.060609
0.060590
0.060571
0.060553
0.060536
0.060519
0.060503
0.060488
0.060473
0.060460
0.060447
0.060434
0.060423
0.060412
0.060402
0.060393
0.060385
0.060377
0.060371
0.060365
0.060360
0.060356
0.060352
0.060350
0.060348
0.060347
0.060347
0.060348
0.060350
0.060353
0.060356
0.060360
0.060365
0.060371
0.060378
0.060385
0.060394
0.060403
0.060413
0.060423
0.060435
0.060447
0.060460
0.060474
0.060488
0.060504
0.060520
0.060536
0.060553
0.060571
0.060590
0.060609
0.060629
0.060650
0.060671
0.060692
0.060715
0.060737
0.060761
0.060785
0.060809
0.060834
0.060859
0.060885
0.060911
0.060937
0.060964
0.060991
0.061019
0.061047
0.061075
0.061103
0.061132
0.061161
0.061190
0.061220
0.061249
0.061279
0.061309
0.061339
0.061369
0.061399
0.061429
0.061460
0.061490
0.061520
0.061551
0.061581
0.061611
0.061642
0.061672
