0.061702
-2.320797
-3.394154
-4.633787
-1.009847
-1.430124
-2.011799
-2.760946
-1.777365
-2.426313
-1.991376
-2.087575
-2.089888
-2.090566
-2.091086
-2.091500
-2.091831
-2.092095
-2.092306
-2.092474
-2.092607
-2.092713
-2.092797
-2.092863
-2.092915
-2.092956
-2.092988
-2.093012
-2.093031
-2.093044
-2.093054
-2.093061
-2.093066
-2.093068
-2.093068
-2.093068
-2.093066
-2.093063
-2.093059
-2.093055
-2.093050
-2.093045
-2.093039
-2.093033
-2.093027
-2.093020
-2.093013
-2.093006
-2.092999
-2.092991
-2.092983
-2.092975
-2.092967
-2.092959
-2.092950
-2.092941
-2.092932
-2.092923
-2.092914
-2.092904
-2.092895
-2.092885
-2.092875
-2.092865
-2.092855
-2.092844
-2.092834
-2.092823
-2.092812
-2.092801
-2.092790
-2.092778
-2.092766
-2.092755
-2.092743
-2.092731
-2.092718
-2.092706
-2.092693
-2.092681
-2.092668
-2.092655
-2.092641
-2.092628
-2.092614
-2.092601
-2.092587
-2.092573
-2.092559
-2.092544
-2.092530
-2.092515
-2.092500
-2.092485
-2.092470
-2.092454
-2.092439
-2.092423
-2.092407
-2.092391
-2.092375
-2.092359
-2.092342
-2.092325
-2.092309
-2.092292
-2.092274
-2.092257
-2.092240
-2.092222
-2.092204
-2.092186
-2.092168
-2.092150
-2.092131
-2.092112
-2.092094
-2.092075
-2.092056
-2.092036
-2.092017
-2.091997
-2.091977
-2.091957
-2.091937
-2.091917
-2.091896
-2.091876
-2.091855
-2.091834
-2.091813
-2.091792
-2.091770
-2.091749
-2.091727
-2.091705
-2.091683
-2.091661
-2.091638
-2.091616
-2.091593
-2.091570
-2.091547
-2.091524
-2.091500
-2.091477
-2.091453
-2.091429
-2.091405
-2.091381
-2.091356
-2.091332
-2.091307
-2.091282
-2.091257
-2.091232
-2.091207
-2.091181
-2.091155
-2.091130
-2.091104
-2.091077
-2.091051
-2.091025
-2.090998
-2.090971
-2.090944
-2.090917
-2.090890
-2.090862
-2.090834
-2.090807
-2.090779
-2.090750
-2.090722
-2.090694
-2.090665
-2.090636
-2.090607
-2.090578
-2.090549
-2.090519
-2.090490
-2.090460
-2.090430
-2.090400
-2.090369
-2.090339
-2.090308
-2.090278
-2.090247
-2.090216
-2.090184
-2.090153
-2.090121
-2.090090
-2.090058
-2.090026
-2.089993
-2.089961
-2.089928
-2.089896
-2.089863
-2.089830
-2.089796
-2.089763
-2.089729
-2.089696
-2.089662
-2.089628
-2.089594
-2.089559
-2.089525
-2.089490
-2.089455
-2.089420
-2.089385
-2.089349
-2.089314
-2.089278
-2.089242
-2.089206
-2.089170
-2.089134
-2.089062
-2.088984
-2.088904
-2.088824
-2.088742
-2.088659
-2.088576
-2.084350
-2.072499
-2.051650
-2.020400
-1.977223
-1.920553
-1.848799
-1.760342
-1.653531
-1.526679
-1.378062
-1.206167
-1.014195
-0.805943
-0.586703
-0.369464
-0.153821
0.054942
0.253685
0.439606
0.610278
0.763669
0.898151
1.012506
1.105928
1.178009
1.228725
1.258416
1.267759
1.257737
1.229607
1.184862
1.125193
1.052449
0.968595
0.875677
0.775776
0.670977
0.563331
0.454819
0.347329
0.242624
0.142321
0.047871
-0.039455
-0.118577
-0.188617
-0.248898
-0.298947
-0.338491
-0.367452
-0.385932
-0.394208
-0.392714
-0.382024
-0.362836
-0.335954
-0.302266
-0.262725
-0.218331
-0.170108
-0.119090
-0.066299
-0.012727
0.040673
0.093007
0.143447
0.191247
0.235744
0.276371
0.312657
0.344233
0.370828
0.392271
0.408490
0.419503
0.425416
0.426417
0.422764
0.414780
0.402845
0.387382
0.368852
0.347741
0.324551
0.299793
0.273974
0.247590
0.221121
0.195019
0.169706
0.145567
0.122944
0.102136
0.083393
0.066917
0.052858
0.041320
0.032356
0.025973
0.022135
0.020763
0.021742
0.024923
0.030128
0.037156
0.045785
0.055778
0.066890
0.078869
0.091464
0.104427
0.117517
0.130506
0.143180
0.155340
0.166811
0.177436
0.187084
0.195645
0.203037
0.209198
0.214095
0.217715
0.220069
0.221188
0.221122
0.219940
0.217724
0.214570
0.210583
0.205879
0.200569
0.194775
0.188619
0.182223
0.175704
0.169178
0.162750
0.156521
0.150582
0.145012
0.139881
0.135248
0.131160
0.127652
0.124748
0.122459
0.120787
0.119724
0.119250
0.119339
0.119956
0.121060
0.122602
0.124532
0.126794
0.129331
0.132084
0.134994
0.138003
0.141054
0.144094
0.147071
0.149939
0.152656
0.155183
0.157489
0.159547
0.161335
0.162838
0.164046
0.164954
0.165562
0.165877
0.165908
0.165669
0.165178
0.164456
0.163527
0.162415
0.161149
0.159757
0.158268
0.156710
0.155112
0.153501
0.151905
0.150347
0.148851
0.147436
0.146121
0.144922
0.143851
0.142918
0.142130
0.141493
0.141008
0.140674
0.140488
0.140445
0.140538
0.140758
0.141093
0.141532
0.142062
0.142669
0.143340
0.144059
0.144812
0.145585
0.146364
0.147136
0.147890
0.148612
0.149294
0.149926
0.150501
0.151013
0.151456
0.151826
0.152123
0.152345
0.152491
0.152565
0.152569
0.152506
0.152381
0.152199
0.151967
0.151690
0.151376
0.151033
0.150666
0.150283
0.149892
0.149499
0.149110
0.148732
0.148370
0.148030
0.147715
0.147429
0.147176
0.146958
0.146776
0.146631
0.146524
0.146454
0.146421
0.146422
0.146457
0.146522
0.146615
0.146732
0.146871
0.147028
0.147199
0.147381
0.147570
0.147762
0.147954
0.148143
0.148326
0.148499
0.148661
0.148809
0.148941
0.149056
0.149153
0.149230
0.149288
0.149326
0.149345
0.149344
0.149325
0.149289
0.149236
0.149168
0.149087
0.148995
0.148892
0.148781
0.148664
0.148543
0.148419
0.148293
0.148168
0.148045
0.147926
0.147811
0.147702
0.147599
0.147504
0.147417
0.147338
0.147267
0.147204
0.147151
0.147105
0.147067
0.147036
0.147012
0.146994
0.146981
0.146972
0.146966
0.146964
0.146962
0.146962
0.146961
0.146960
0.146957
0.146951
0.146942
0.146929
0.146912
0.146890
0.146863
0.146831
0.146793
0.146750
0.146701
0.146646
0.146586
0.146521
0.146451
0.146376
0.146297
0.146215
0.146129
0.146039
0.145948
0.145854
0.145759
0.145663
0.145567
0.145470
0.145374
0.145278
0.145183
0.145090
0.144998
0.144908
0.144820
0.144734
0.144650
0.144568
0.144489
0.144412
0.144338
0.144265
0.144195
0.144126
0.144059
0.143994
0.143931
0.143869
0.143808
0.143747
0.143688
0.143629
0.143571
0.143513
0.143455
0.143398
0.143340
0.143282
0.143224
0.143166
0.143108
0.143050
0.142992
0.142933
0.142875
0.142816
0.142758
0.142700
0.142643
0.142586
0.142530
0.142475
0.142421
0.142368
0.142316
0.142266
0.142217
0.142170
0.142125
0.142082
0.142041
0.142003
0.141966
0.141933
0.141901
0.141872
0.141846
0.141823
0.141802
0.141784
0.141770
0.141761
0.141755
0.141752
0.141754
0.141758
0.141766
0.141777
0.141790
0.141806
0.141823
0.141842
0.141862
0.141882
0.141903
0.141924
0.141945
0.141965
0.141986
0.142007
0.142029
0.142051
0.142074
0.142099
0.142124
0.142151
0.142179
0.142209
0.142240
0.142273
0.142309
0.142346
0.142385
0.142426
0.142470
0.142516
0.142564
0.142615
0.142668
0.142723
0.142780
0.142839
0.142901
0.142964
0.143029
0.143097
0.143165
0.143235
0.143307
0.143380
0.143454
0.143529
0.143604
0.143681
0.143758
0.143835
0.143913
0.143991
0.144069
0.144147
0.144225
0.144302
0.144380
0.144457
0.144534
0.144610
0.144686
0.144761
0.144836
0.144911
0.144984
0.145058
0.145130
0.145203
0.145274
0.145345
0.145416
0.145486
0.145555
0.145624
0.145693
0.145761
0.145828
0.145895
0.145962
0.146028
0.146093
0.146158
0.146223
0.146287
0.146350
0.146413
0.146475
0.146537
0.146598
0.146658
0.146718
0.146776
0.146834
0.146891
0.146947
0.147003
0.147057
0.147110
0.147163
0.147214
0.147264
0.147313
0.147361
0.147408
0.147454
0.147499
0.147542
0.147584
0.147625
0.147665
0.147704
0.147742
0.147778
0.147813
0.147848
0.147881
0.147913
0.147943
0.147973
0.148002
0.148030
0.148056
0.148082
0.148107
0.148131
0.148154
0.148176
0.148197
0.148217
0.148236
0.148255
0.148273
0.148290
0.148306
0.148321
0.148336
0.148350
0.148363
0.148376
0.148387
0.148398
0.148409
0.148419
0.148428
0.148436
0.148444
0.148451
0.148458
0.148464
0.148469
0.148474
0.148479
0.148482
0.148486
0.148489
0.148491
0.148493
0.148494
0.148496
0.148496
0.148497
0.148497
0.148497
0.148496
0.148495
0.148494
0.148493
0.148492
0.148490
0.148488
0.148487
0.148485
0.148483
0.148481
0.148480
0.148478
0.148476
0.148475
0.148474
0.148473
0.148472
0.148471
0.148471
0.148471
0.148471
0.148472
0.148473
0.148474
0.148476
0.148479
0.148482
0.148486
0.148490
0.148495
0.148500
0.148507
0.148514
0.148521
0.148530
0.148539
0.148550
0.148561
0.148573
0.148586
0.148600
0.148616
0.148632
0.148649
0.148668
0.148688
0.148709
0.148732
0.148755
0.148781
0.148807
0.148835
0.148865
0.148896
0.148929
0.148963
0.148999
0.149037
0.149077
0.149118
0.149161
0.149206
0.149253
0.149302
0.149353
0.149406
0.149461
0.149518
0.149578
0.149639
0.149703
0.149769
0.149837
0.149908
0.149981
0.150057
0.150134
0.150215
0.150298
0.150383
0.150471
0.150561
0.150654
0.150750
0.150848
0.150948
0.151052
0.151158
0.151267
0.151378
0.151492
0.151609
0.151728
0.151851
0.151975
0.152103
0.152233
0.152365
0.152501
0.152639
0.152779
0.152922
0.153068
0.153216
0.153366
0.153519
0.153674
0.153831
0.153991
0.154153
0.154317
0.154483
0.154651
0.154820
0.154992
0.155156
0.155309
0.155447
0.155570
0.155675
0.155764
0.155834
0.155885
0.155918
0.155934
0.155932
0.155915
0.155882
0.155836
0.155778
0.155710
0.155634
0.155550
0.155462
0.155370
0.155277
0.155184
0.155093
0.155005
0.154922
0.154844
0.154773
0.154710
0.154654
0.154607
0.154570
0.154541
0.154521
0.154510
0.154508
0.154514
0.154527
0.154548
0.154574
0.154606
0.154642
0.154682
0.154725
0.154770
0.154816
0.154862
0.154907
0.154951
0.154993
0.155033
0.155069
0.155102
0.155131
0.155156
0.155176
0.155192
0.155203
0.155210
0.155213
0.155211
0.155206
0.155197
0.155185
0.155170
0.155153
0.155134
0.155113
0.155091
0.155069
0.155046
0.155024
0.155001
0.154980
0.154960
0.154942
0.154925
0.154910
0.154897
0.154886
0.154877
0.154871
0.154867
0.154865
0.154865
0.154867
0.154870
0.154876
0.154883
0.154891
0.154900
0.154910
0.154920
0.154931
0.154943
0.154954
0.154965
0.154975
0.154986
0.154995
0.155004
0.155011
0.155018
0.155024
0.155029
0.155032
0.155035
0.155036
0.155037
0.155036
0.155034
-0.900127
-1.118762
-1.312297
-1.473515
-1.597314
-1.678586
-1.712221
-1.710290
-1.676689
-1.613762
-1.524226
-1.411097
-1.277623
-1.127218
-0.963388
-0.789674
-0.609584
-0.426535
-0.243805
-0.064479
0.108590
0.272814
0.425905
0.565891
0.691134
0.800338
0.892554
0.967172
1.023916
1.062830
1.084254
1.088810
1.077366
1.051017
1.011046
0.958896
0.896135
0.824425
0.745485
0.661059
0.572889
0.482681
0.392081
0.302647
0.215834
0.132967
0.055232
-0.016340
-0.080880
-0.137688
-0.186232
-0.226153
-0.257259
-0.279515
-0.293042
-0.298101
-0.295082
-0.284490
-0.266932
-0.243096
-0.213741
-0.179677
-0.141745
-0.100807
-0.057729
-0.013360
0.031472
0.075981
0.119429
0.161139
0.200500
0.236976
0.270110
0.299529
0.324940
0.346140
0.363004
0.375489
0.383631
0.387535
0.387374
0.383377
0.375830
0.365059
0.351428
0.335330
0.317177
0.297391
0.276401
0.254631
0.232494
0.210386
0.188681
0.167725
0.147832
0.129279
0.112306
0.097112
0.083856
0.072654
0.063579
0.056668
0.051914
0.049279
0.048687
0.050033
0.053187
0.057992
0.064274
0.071844
0.080500
0.090035
0.100237
0.110897
0.121806
0.132765
0.143587
0.154095
0.164127
0.173542
0.182213
0.190035
0.196923
0.202813
0.207661
0.211443
0.214155
0.215811
0.216442
0.216095
0.214831
0.212723
0.209855
0.206310
0.202183
0.197576
0.192591
0.187330
0.181895
0.176385
0.170895
0.165513
0.160320
0.155392
0.150792
0.146578
0.142795
0.139481
0.136662
0.134356
0.132569
0.131302
0.130543
0.130276
0.130475
0.131109
0.132143
0.133534
0.135239
0.137210
0.139398
0.141754
0.144228
0.146772
0.149338
0.151882
0.154361
0.156737
0.158975
0.161046
0.162923
0.164585
0.166015
0.167201
0.168138
0.168821
0.169252
0.169439
0.169389
0.169115
0.168635
0.167966
0.167128
0.166144
0.165037
0.163831
0.162551
0.161221
0.159865
0.158506
0.157165
0.155864
0.154620
0.153450
0.152370
0.151391
0.150523
0.149774
0.149150
0.148654
0.148286
0.148046
0.147929
0.147932
0.148047
0.148266
0.148579
0.148977
0.149448
0.149981
0.150562
0.151181
0.151824
0.152480
0.153137
0.153785
0.154413
0.155013
0.155575
0.156093
0.156560
0.156972
0.157325
0.157617
0.157845
0.158010
0.158112
0.158152
0.158135
0.158062
0.157939
0.157769
0.157559
0.157313
0.157038
0.156739
0.156424
0.156097
0.155765
0.155434
0.155108
0.154794
0.154494
0.154214
0.153957
0.153726
0.153523
0.153349
0.153207
0.153097
0.153019
0.152971
0.152954
0.152966
0.153005
0.153070
0.153156
0.153262
0.153386
0.153523
0.153671
0.153826
0.153986
0.154148
0.154309
0.154466
0.154616
0.154757
0.154888
0.155007
0.155111
0.155201
0.155274
0.155331
0.155371
0.155394
0.155401
0.155391
0.155367
0.155327
0.155275
0.155210
0.155134
0.155049
0.154957
0.154857
0.154753
0.154646
0.154537
0.154428
0.154319
0.154213
0.154109
0.154010
0.153917
0.153828
0.153747
0.153671
0.153603
0.153542
0.153488
0.153441
0.153401
0.153367
0.153339
0.153316
0.153297
0.153283
0.153272
0.153263
0.153256
0.153250
0.153244
0.153238
0.153231
0.153221
0.153209
0.153195
0.153176
0.153154
0.153127
0.153096
0.153061
0.153020
0.152975
0.152925
0.152870
0.152811
0.152747
0.152679
0.152607
0.152532
0.152454
0.152373
0.152289
0.152204
0.152117
0.152029
0.151941
0.151852
0.151763
0.151675
0.151587
0.151500
0.151415
0.151331
0.151248
0.151167
0.151089
0.151012
0.150937
0.150864
0.150793
0.150724
0.150656
0.150591
0.150527
0.150465
0.150404
0.150344
0.150286
0.150228
0.150171
0.150115
0.150060
0.150004
0.149950
0.149895
0.149840
0.149786
0.149732
0.149677
0.149623
0.149568
0.149514
0.149460
0.149405
0.149351
0.149297
0.149244
0.149191
0.149138
0.149087
0.149036
0.148986
0.148937
0.148889
0.148843
0.148798
0.148755
0.148713
0.148674
0.148636
0.148600
0.148567
0.148536
0.148506
0.148480
0.148455
0.148433
0.148414
0.148396
0.148382
0.148369
0.148359
0.148352
0.148347
0.148344
0.148343
0.148345
0.148349
0.148355
0.148363
0.148374
0.148386
0.148400
0.148416
0.148434
0.148454
0.148475
0.148498
0.148523
0.148549
0.148578
0.148607
0.148638
0.148671
0.148705
0.148740
0.148777
0.148816
0.148856
0.148897
0.148939
0.148983
0.149029
0.149075
0.149123
0.149172
0.149223
0.149275
0.149328
0.149382
0.149438
0.149494
0.149552
0.149611
0.149671
0.149732
0.149794
0.149857
0.149921
0.149986
0.150052
0.150118
0.150185
0.150253
0.150322
0.150391
0.150460
0.150530
0.150600
0.150671
0.150741
0.150812
0.150883
0.150955
0.151026
0.151097
0.151168
0.151239
0.151310
0.151381
0.151451
