-0.800866
69.179161
68.105800
66.866164
70.490075
70.069817
69.488142
68.738994
69.722563
69.073622
69.508553
69.412357
69.410043
69.409364
69.408844
69.408429
69.408098
69.407834
69.407623
69.407455
69.407321
69.407215
69.407131
69.407064
69.407012
69.406971
69.406939
69.406914
69.406896
69.406882
69.406872
69.406865
69.406860
69.406858
69.406857
69.406858
69.406860
69.406862
69.406866
69.406870
69.406874
69.406880
69.406885
69.406891
69.406897
69.406904
69.406911
69.406918
69.406925
69.406932
69.406940
69.406948
69.406956
69.406964
69.406973
69.406981
69.406990
69.406999
69.407008
69.407018
69.407027
69.407037
69.407047
69.407057
69.407067
69.407077
69.407088
69.407098
69.407109
69.407120
69.407131
69.407142
69.407154
69.407166
69.407177
69.407189
69.407201
69.407214
69.407226
69.407239
69.407252
69.407265
69.407278
69.407291
69.407304
69.407318
69.407332
69.407346
69.407360
69.407374
69.407388
69.407403
69.407418
69.407433
69.407448
69.407463
69.407478
69.407494
69.407510
69.407526
69.407542
69.407558
69.407574
69.407591
69.407607
69.407624
69.407641
69.407659
69.407676
69.407693
69.407711
69.407729
69.407747
69.407765
69.407784
69.407802
69.407821
69.407840
69.407859
69.407878
69.407897
69.407917
69.407936
69.407956
69.407976
69.407996
69.408017
69.408037
69.408058
69.408079
69.408099
69.408121
69.408142
69.408163
69.408185
69.408207
69.408229
69.408251
69.408273
69.408296
69.408318
69.408341
69.408364
69.408387
69.408410
69.408434
69.408457
69.408481
69.408505
69.408529
69.408553
69.408578
69.408602
69.408627
69.408652
69.408677
69.408702
69.408728
69.408753
69.408779
69.408805
69.408831
69.408857
69.408883
69.408910
69.408937
69.408964
69.408991
69.409018
69.409045
69.409073
69.409100
69.409128
69.409156
69.409184
69.409213
69.409241
69.409270
69.409299
69.409328
69.409357
69.409386
69.409416
69.409445
69.409475
69.409505
69.409535
69.409566
69.409596
69.409627
69.409658
69.409689
69.409720
69.409751
69.409782
69.409814
69.409846
69.409878
69.409910
69.409942
69.409975
69.410007
69.410040
69.410073
69.410106
69.410139
69.410173
69.410206
69.410240
69.410274
69.410308
69.410342
69.410377
69.410411
69.410446
69.410481
69.410516
69.410551
69.410587
69.410622
69.410658
69.410694
69.410730
69.410766
69.410837
69.410915
69.410995
69.411076
69.411157
69.411240
69.411323
69.415579
69.427581
69.448596
69.479992
69.523314
69.580124
69.652012
69.740597
69.847526
69.974483
70.123190
70.295144
70.486946
70.695034
70.895369
71.101671
71.299028
71.491235
71.676410
71.852449
72.017121
72.168171
72.303437
72.420966
72.519133
72.596722
72.652993
72.687716
72.701170
72.694118
72.667762
72.623676
72.563735
72.490030
72.404795
72.310333
72.208953
72.102913
71.994380
71.885395
71.777846
71.673458
71.573774
71.480156
71.393779
71.315631
71.246510
71.187031
71.137627
71.098548
71.069871
71.051503
71.043193
71.044536
71.054989
71.073886
71.100452
71.133821
71.173056
71.217169
71.265138
71.315933
71.368528
71.421924
71.475163
71.527346
71.577640
71.625296
71.669651
71.710136
71.746285
71.777728
71.804201
71.825537
71.841665
71.852607
71.858473
71.859450
71.855797
71.847837
71.835946
71.820548
71.802099
71.781083
71.757998
71.733352
71.707648
71.681382
71.655029
71.629040
71.603836
71.579799
71.557270
71.536548
71.517882
71.501472
71.487471
71.475980
71.467052
71.460696
71.456874
71.455508
71.456483
71.459652
71.464836
71.471835
71.480429
71.490381
71.501446
71.513376
71.525918
71.538826
71.551861
71.564795
71.577415
71.589524
71.600946
71.611526
71.621133
71.629658
71.637017
71.643153
71.648029
71.651634
71.653977
71.655092
71.655026
71.653849
71.651642
71.648501
71.644531
71.565794
71.484632
71.403777
71.323387
71.243617
71.164614
71.086519
71.009465
70.933575
70.858962
70.785729
70.713967
70.643755
70.575158
70.508230
70.443010
70.379525
70.317790
70.257807
70.199567
70.143051
70.088230
70.035066
69.983514
69.933524
69.885041
69.838006
69.792357
69.748032
69.704968
69.663104
69.622379
69.582737
69.544121
69.506483
69.469775
69.433955
69.398986
69.364836
69.331477
69.298888
69.267052
69.235954
69.205587
69.175947
69.147033
69.118847
69.091396
69.064686
69.038728
69.013532
68.989110
68.965474
68.942636
68.920607
68.899396
68.879013
68.859465
68.840756
68.822889
68.805864
68.789679
68.774327
68.759801
68.746090
68.733181
68.721056
68.709697
68.699084
68.689192
68.679996
68.671470
68.663584
68.656310
68.649617
68.643473
68.637847
68.632708
68.628023
68.623762
68.619895
68.616390
68.613220
68.610357
68.607774
68.605446
68.603350
68.601464
68.599766
68.598239
68.596865
68.595626
68.594510
68.593503
68.592592
68.591767
68.591018
68.590336
68.589713
68.589143
68.588617
68.588129
68.587673
68.587244
68.586835
68.586439
68.586051
68.585664
68.585271
68.584864
68.584437
68.583980
68.583485
68.582942
68.582342
68.581674
68.580927
68.580090
68.579151
68.578097
68.576917
68.575597
68.574124
68.572484
68.570665
68.568654
68.566436
68.563998
68.561328
68.558413
68.555240
68.551797
68.548072
68.544053
68.539730
68.535092
68.530130
68.524833
68.519192
68.513200
68.506848
68.500129
68.493036
68.485562
68.477702
68.469449
68.460800
68.451748
68.442290
68.432422
68.422140
68.411440
68.400319
68.388774
68.376802
68.364402
68.351569
68.338302
68.324599
68.310458
68.295876
68.280852
68.265384
68.249471
68.233110
68.216302
68.199043
68.181334
68.163174
68.144562
68.125496
68.105978
68.086008
68.065584
68.044709
68.023384
68.001608
67.979385
67.956715
67.933603
67.910049
67.886059
67.861635
67.836783
67.811506
67.785810
67.759701
67.733185
67.706269
67.678960
67.651266
67.623195
67.594757
67.565961
67.536817
67.507334
67.477525
67.447400
67.416971
67.386251
67.355253
67.323990
67.292475
67.260722
67.228747
67.196564
67.164189
67.131637
67.098924
67.066068
67.033084
66.999989
66.966802
66.933540
66.900221
66.866864
66.833487
66.800109
66.766749
66.733426
66.700161
66.666973
66.633882
66.600908
66.568073
66.535395
66.502897
66.470599
66.438522
66.406687
66.375116
66.343828
66.312847
66.282192
66.251886
66.221950
66.192404
66.163270
66.134569
66.106322
66.078550
66.051273
66.024512
65.998287
65.972618
65.947525
65.923026
65.899142
65.875891
65.853291
65.831360
65.810116
65.789576
65.769756
65.750673
65.732341
65.714777
65.697995
65.682008
65.666829
65.652472
65.638948
65.626269
65.614445
65.603486
65.593402
65.584201
65.581522
65.581510
65.581499
65.581490
65.581482
65.581476
65.581473
65.581473
65.581477
65.581483
65.581493
65.581506
65.581522
65.581541
65.581561
65.581582
65.581605
65.581627
65.581823
65.590775
65.600608
65.611314
65.622883
65.635307
65.648575
65.662677
65.677601
65.693336
65.709870
65.727189
65.745281
65.764129
65.783720
65.804037
65.825064
65.846785
65.869182
65.892238
65.915933
65.940250
65.965169
65.990672
66.016738
66.043347
66.070480
66.098116
66.126235
66.154816
66.183837
66.213278
66.243118
66.273334
66.303906
66.334813
66.366031
66.397541
66.429320
66.461347
66.493601
66.526060
66.558703
66.591508
66.624456
66.657525
66.690695
66.723945
66.757256
66.790607
66.823980
66.857354
66.890710
66.924031
66.957298
66.990492
67.023596
67.056593
67.089465
67.122196
67.154771
67.187172
67.219385
67.251395
67.283186
67.314745
67.346058
67.377112
67.407893
67.438390
67.468589
67.498480
67.528051
67.557292
67.586192
67.614742
67.642931
67.670752
67.698195
67.725252
67.751915
67.778179
67.804034
67.829476
67.854498
67.879095
67.903261
67.926993
67.950285
67.973133
67.995535
68.017487
68.038987
68.060031
68.080619
68.100748
68.120418
68.139627
68.158375
68.176663
68.194489
68.211855
68.228762
68.245210
68.261201
68.276737
68.291821
68.306454
68.320639
68.334379
68.347677
68.360538
68.372964
68.384959
68.396529
68.407676
68.418407
68.428726
68.438639
68.448150
68.457266
68.465992
68.474334
68.482299
68.489894
68.497124
68.503997
68.510519
68.516699
68.522543
68.528059
68.533254
68.538138
68.542717
68.547001
68.550997
68.554714
68.558162
68.561348
68.564282
68.566974
68.569432
68.571666
68.573687
68.575503
68.577125
68.578563
68.579827
68.580928
68.581877
68.582684
68.583359
68.583915
68.584363
68.584713
68.584977
68.585168
68.585296
68.585374
68.585414
68.585428
68.585429
68.585429
68.585441
68.585479
68.585554
68.585680
68.585871
68.586140
68.586501
68.586967
68.587554
68.588274
68.589143
68.590175
68.591384
68.592786
68.594395
68.596227
68.598296
68.600619
68.603211
68.606088
68.609266
68.612761
68.616589
68.620766
68.625310
68.630237
68.635564
68.641307
68.647484
68.654113
68.661210
68.668793
68.676880
68.685488
68.694635
68.704339
68.714618
68.725489
68.736972
68.749085
68.761844
68.775269
68.789378
68.804189
68.819719
68.835989
68.853014
68.870814
68.889407
68.908809
68.929040
68.950117
68.972056
68.994876
69.018594
69.043226
69.068788
69.095298
69.122771
69.151223
69.180670
69.211125
69.242604
69.275121
69.308689
69.343321
69.379030
69.415828
69.453725
69.492734
69.532862
69.574121
69.616517
69.660060
69.704754
69.750607
69.797623
69.845807
69.895160
69.945685
69.997383
70.050253
70.104293
70.159501
70.215873
70.273403
70.332084
70.391909
70.452867
70.514948
70.578138
70.642425
70.707790
70.774219
70.841690
70.910185
70.979679
71.050149
71.121569
71.193910
71.267144
71.341239
71.416161
71.491875
71.568344
71.589130
71.589238
71.589355
71.589478
71.589604
71.589727
71.589841
71.589942
71.590026
71.590089
71.590129
71.590145
71.590139
71.590111
71.590063
71.590000
71.589923
71.589836
71.589743
71.589645
71.589546
71.589447
71.589351
71.589259
71.589172
71.589091
71.589017
71.588950
71.588890
71.588838
71.588794
71.588758
71.588731
71.588711
71.588700
71.588697
71.588702
71.588714
71.588733
71.588759
71.588790
71.588825
71.588865
71.588908
71.588952
71.588998
71.589044
71.589090
71.589134
71.589176
71.589216
71.589252
71.589285
71.589314
71.589338
71.589359
71.589374
71.589385
71.589392
71.589395
71.589393
71.589388
71.589379
71.589367
71.589352
71.589335
71.589316
71.589296
71.589274
71.589251
71.589229
71.589206
71.589184
71.589163
71.589143
71.589125
71.589108
71.589093
71.589080
71.589069
71.589061
71.589054
71.589050
71.589048
71.589048
71.589050
71.589054
71.589059
71.589066
71.589074
71.589083
71.589093
71.589104
71.589115
71.589126
71.589137
71.589148
71.589158
71.589169
71.589178
71.589187
71.589194
71.589201
71.589207
71.589211
71.589215
71.589217
71.589219
71.589219
71.589219
71.589217
70.535444
70.315257
70.120989
69.960343
69.838532
69.760755
69.732195
69.737558
69.773822
69.838402
69.928473
70.041032
70.172945
70.320986
70.481878
70.652327
70.829061
71.008867
71.188635
71.365396
71.536364
71.698975
71.850925
71.990196
72.115089
72.224238
72.316621
72.391563
72.448734
72.488136
72.510084
72.515181
72.504295
72.478519
72.439146
72.387626
72.325534
72.254535
72.176346
72.092708
72.005352
71.915971
71.826193
71.737562
71.651512
71.569353
71.492254
71.421236
71.357157
71.300712
71.252429
71.212668
71.181625
71.159339
71.145696
71.140445
71.143204
71.153478
71.170671
71.194103
71.223026
71.256641
71.294114
71.334591
71.377215
71.421142
71.465553
71.509667
71.552749
71.594128
71.633196
71.669420
71.702344
71.731596
71.756885
71.778006
71.794833
71.807323
71.815508
71.819490
71.819438
71.815581
71.808197
71.797610
71.784180
71.768294
71.750360
71.730799
71.710032
71.688481
71.666556
71.644649
71.623132
71.602348
71.582608
71.564190
71.547331
71.532229
71.519043
71.507889
71.498842
71.491936
71.487169
71.484501
71.483860
71.485142
71.488218
71.492935
71.499119
71.506585
71.515132
71.524556
71.534647
71.545195
71.555998
71.566855
71.577582
71.588001
71.597955
71.607300
71.615912
71.623685
71.630536
71.636399
71.641231
71.645007
71.647722
71.649392
71.650044
71.649727
71.648499
71.646433
71.572299
71.493379
71.414652
71.336252
71.258314
71.180970
71.104347
71.028570
70.953757
70.880019
70.807459
70.736173
70.666246
70.597755
70.530762
70.465323
70.401479
70.339261
70.278688
70.219770
70.162505
70.106882
70.052880
70.000473
69.949626
69.900298
69.852445
69.806016
69.760961
69.717227
69.674758
69.633502
69.593404
69.554412
69.516477
69.479552
69.443593
69.408559
69.374414
69.341126
69.308665
69.277008
69.246134
69.216028
69.186676
69.158070
69.130205
69.103078
69.076689
69.051040
69.026136
69.001983
68.978587
68.955956
68.934096
68.913014
68.892718
68.873211
68.854500
68.836585
68.819469
68.803149
68.787623
68.772885
68.758926
68.745738
68.733306
68.721617
68.710654
68.700398
68.690827
68.681919
68.673650
68.665994
68.658924
68.652413
68.646433
68.640955
68.635950
68.631389
68.627242
68.623483
68.620082
68.617013
68.614250
68.611767
68.609541
68.607549
68.605769
68.604180
68.602764
68.601504
68.600382
68.599385
68.598497
68.597706
68.597001
68.596371
68.595806
68.595297
68.594836
68.594414
68.594025
68.593661
68.593315
68.592980
68.592650
68.592318
68.591977
68.591619
68.591237
68.590824
68.590370
68.589868
68.589307
68.588680
68.587975
68.587183
68.586292
68.585291
68.584170
68.582915
68.581516
68.579960
68.578234
68.576327
68.574225
68.571916
68.569388
68.566628
68.563625
68.560366
68.556841
68.553037
68.548943
68.544550
68.539848
68.534825
68.529474
68.523786
68.517752
68.511364
68.504615
68.497499
68.490008
68.482137
68.473880
68.465231
68.456187
68.446742
68.436893
68.426635
68.415965
68.404879
68.393375
68.381450
68.369101
68.356325
68.343120
68.329484
68.315415
68.300911
68.285970
68.270591
68.254773
68.238513
68.221811
68.204667
68.187078
68.169044
68.150566
68.131642
68.112274
68.092460
68.072202
68.051501
68.030358
68.008774
67.986751
67.964292
67.941399
67.918075
67.894324
67.870150
67.845557
67.820550
67.795134
67.769315
67.743099
67.716494
67.689506
67.662143
67.634414
67.606328
67.577893
67.549120
67.520018
67.490599
67.460873
67.430853
67.400550
67.369978
67.339149
67.308076
67.276774
67.245257
67.213539
67.181637
67.149564
67.117337
67.084972
67.052486
67.019895
66.987216
66.954468
66.921668
66.888833
66.855983
66.823135
66.790310
66.757524
66.724799
66.692153
66.659606
66.627178
66.594890
66.562760
66.530810
66.499060
66.467531
66.436243
66.405217
66.374474
66.344034
66.313919
66.284149
66.254746
66.225728
66.197119
66.168937
66.141204
66.113939
66.087164
66.060897
66.035159
66.009969
65.985346
65.961309
65.937877
65.915068
65.892900
65.871391
65.850557
65.830415
65.810981
65.792271
65.774300
65.757083
65.740634
65.724966
65.710093
65.696025
65.682776
65.670357
65.658776
65.648045
65.638172
65.629165
65.621032
65.613781
65.607416
65.601943
65.597367
65.593691
65.590920
65.589054
65.588096
65.588046
65.588905
65.590671
65.593343
65.596919
65.601396
65.606769
65.613035
65.620187
65.628221
65.637128
65.646903
65.657535
65.669017
65.681339
65.694491
65.708462
65.723239
65.738813
65.755168
65.772293
65.790172
65.808793
65.828139
65.848195
65.868946
65.890374
65.912463
65.935196
65.958555
65.982521
66.007076
66.032202
66.057879
66.084088
66.110810
66.138023
66.165709
66.193847
66.222416
66.251395
66.280765
66.310504
66.340591
66.371006
66.401726
66.432733
66.464003
66.495517
66.527253
66.559191
66.591311
66.623590
66.656010
66.688550
66.721190
66.753909
66.786689
66.819510
66.852352
66.885198
66.918027
66.950823
66.983566
67.016240
