67.048826
69.179246
68.105892
66.866261
70.490231
70.069936
69.488260
68.739114
69.722706
69.073751
69.508695
69.412493
69.410181
69.409503
69.408984
69.408570
69.408240
69.407976
69.407766
69.407598
69.407465
69.407359
69.407275
69.407209
69.407157
69.407117
69.407085
69.407061
69.407043
69.407029
69.407019
69.407013
69.407009
69.407006
69.407006
69.407007
69.407009
69.407012
69.407016
69.407020
69.407025
69.407030
69.407036
69.407042
69.407049
69.407056
69.407063
69.407070
69.407078
69.407085
69.407093
69.407101
69.407110
69.407118
69.407127
69.407136
69.407145
69.407154
69.407164
69.407173
69.407183
69.407193
69.407203
69.407213
69.407224
69.407234
69.407245
69.407256
69.407267
69.407278
69.407290
69.407301
69.407313
69.407325
69.407337
69.407349
69.407362
69.407374
69.407387
69.407400
69.407413
69.407426
69.407440
69.407453
69.407467
69.407481
69.407495
69.407509
69.407523
69.407538
69.407552
69.407567
69.407582
69.407598
69.407613
69.407628
69.407644
69.407660
69.407676
69.407692
69.407708
69.407725
69.407742
69.407758
69.407775
69.407792
69.407810
69.407827
69.407845
69.407863
69.407881
69.407899
69.407917
69.407936
69.407954
69.407973
69.407992
69.408011
69.408030
69.408050
69.408069
69.408089
69.408109
69.408129
69.408149
69.408170
69.408190
69.408211
69.408232
69.408253
69.408274
69.408296
69.408317
69.408339
69.408361
69.408383
69.408405
69.408428
69.408450
69.408473
69.408496
69.408519
69.408542
69.408566
69.408589
69.408613
69.408637
69.408661
69.408685
69.408709
69.408734
69.408758
69.408783
69.408808
69.408833
69.408859
69.408884
69.408910
69.408936
69.408962
69.408988
69.409014
69.409041
69.409067
69.409094
69.409121
69.409148
69.409176
69.409203
69.409231
69.409259
69.409287
69.409315
69.409343
69.409371
69.409400
69.409429
69.409458
69.409487
69.409516
69.409546
69.409575
69.409605
69.409635
69.409665
69.409695
69.409726
69.409756
69.409787
69.409818
69.409849
69.409880
69.409912
69.409943
69.409975
69.410007
69.410039
69.410071
69.410103
69.410136
69.410169
69.410202
69.410235
69.410268
69.410301
69.410335
69.410368
69.410402
69.410436
69.410471
69.410505
69.410539
69.410574
69.410609
69.410644
69.410679
69.410714
69.410750
69.410786
69.410821
69.410857
69.410894
69.410930
69.410966
69.411038
69.411116
69.411196
69.411277
69.411359
69.411442
69.411526
69.415722
69.427422
69.448105
69.479207
69.522241
69.578771
69.650390
69.738719
69.845412
69.972158
70.120686
70.292522
70.484663
70.693080
70.931225
71.159402
71.393329
71.618649
71.830959
72.026762
72.203436
72.359167
72.492865
72.604046
72.692724
72.759297
72.804458
72.829116
72.834348
72.821356
72.791452
72.746048
72.686651
72.614868
72.532396
72.441020
72.342599
72.239041
72.132281
72.024243
71.916812
71.811791
71.710868
71.615585
71.527310
71.447214
71.376256
71.315173
71.264479
71.224470
71.195226
71.176633
71.168391
71.170037
71.180964
71.200442
71.227640
71.261648
71.301494
71.346170
71.394645
71.445886
71.498875
71.552623
71.606184
71.658668
71.709254
71.757197
71.801837
71.842606
71.879030
71.910738
71.937454
71.959006
71.975315
71.986398
71.992360
71.993384
71.989730
71.981723
71.969743
71.954216
71.935605
71.914399
71.891105
71.866235
71.840299
71.813798
71.787212
71.760998
71.735577
71.711336
71.688619
71.667725
71.648905
71.632361
71.618245
71.606660
71.597660
71.591251
71.587397
71.586018
71.587001
71.590194
71.595420
71.602477
71.611140
71.621175
71.632333
71.644362
71.657010
71.670028
71.683174
71.696218
71.708945
71.721157
71.732676
71.743347
71.753036
71.761633
71.769056
71.775243
71.780161
71.783796
71.786160
71.787284
71.787218
71.786031
71.783806
71.780638
71.776635
71.697858
71.616611
71.535625
71.455061
71.375083
71.295847
71.217504
71.140199
71.064062
70.989215
70.915765
70.843805
70.773416
70.704661
70.637594
70.572250
70.508654
70.446817
70.386739
70.328409
70.271806
70.216899
70.163651
70.112017
70.061947
70.013385
69.966274
69.920552
69.876158
69.833029
69.791104
69.750321
69.710624
69.671956
69.634268
69.597511
69.561644
69.526627
69.492430
69.459023
69.426385
69.394497
69.363348
69.332929
69.303235
69.274266
69.246026
69.218519
69.191754
69.165741
69.140490
69.116014
69.092325
69.069435
69.047356
69.026096
69.005666
68.986073
68.967320
68.949412
68.932348
68.916125
68.900739
68.886181
68.872440
68.859503
68.847353
68.835972
68.825337
68.815427
68.806216
68.797675
68.789778
68.782494
68.775792
68.769642
68.764010
68.758867
68.754179
68.749916
68.746046
68.742541
68.739370
68.736507
68.733924
68.731597
68.729501
68.727615
68.725918
68.724391
68.723016
68.721777
68.720660
68.719651
68.718739
68.717913
68.717162
68.716478
68.715853
68.715280
68.714751
68.714260
68.713802
68.713369
68.712957
68.712558
68.712167
68.711777
68.711381
68.710972
68.710542
68.710082
68.709585
68.709040
68.708438
68.707768
68.707019
68.706180
68.705239
68.704184
68.703002
68.701680
68.700205
68.698564
68.696742
68.694728
68.692508
68.690067
68.687394
68.684475
68.681297
68.677849
68.674118
68.670094
68.665764
68.661119
68.656149
68.650843
68.645193
68.639190
68.632827
68.626097
68.618991
68.611503
68.603629
68.595361
68.586696
68.577627
68.568152
68.558265
68.547963
68.537243
68.526101
68.514535
68.502541
68.490116
68.477260
68.463968
68.450239
68.436071
68.421462
68.406410
68.390914
68.374971
68.358580
68.341740
68.324450
68.306708
68.288514
68.269868
68.250768
68.231214
68.211207
68.190746
68.169833
68.148468
68.126653
68.104389
68.081678
68.058523
68.034927
68.010893
67.986424
67.961526
67.936203
67.910460
67.884303
67.857738
67.830773
67.803413
67.775669
67.747547
67.719056
67.690207
67.661008
67.631472
67.601607
67.571426
67.540942
67.510165
67.479109
67.447788
67.416215
67.384403
67.352369
67.320127
67.287691
67.255079
67.222306
67.189388
67.156343
67.123187
67.089939
67.056615
67.023235
66.989816
66.956376
66.922936
66.889515
66.856131
66.822804
66.789554
66.756402
66.723368
66.690471
66.657734
66.625175
66.592818
66.560681
66.528787
66.497157
66.465812
66.434773
66.404062
66.373700
66.343708
66.314107
66.284920
66.256166
66.227866
66.200043
66.172715
66.145904
66.119631
66.093914
66.068774
66.044230
66.020302
65.997007
65.974365
65.952394
65.931110
65.910532
65.890675
65.871556
65.853191
65.835594
65.818780
65.802764
65.787557
65.773173
65.759624
65.746921
65.735075
65.724096
65.713993
65.704774
65.702081
65.702058
65.702041
65.702031
65.702027
65.702028
65.702034
65.702044
65.702056
65.702071
65.702087
65.702105
65.702124
65.702143
65.702162
65.702182
65.702202
65.702221
65.702414
65.711363
65.721199
65.731913
65.743496
65.755940
65.769233
65.783365
65.798323
65.814095
65.830667
65.848025
65.866156
65.885044
65.904674
65.925030
65.946097
65.967857
65.990294
66.013389
66.037126
66.061485
66.086449
66.111996
66.138109
66.164768
66.191951
66.219638
66.247810
66.276444
66.305520
66.335017
66.364913
66.395186
66.425815
66.456779
66.488056
66.519624
66.551462
66.583548
66.615861
66.648380
66.681083
66.713949
66.746958
66.780088
66.813319
66.846631
66.880003
66.913417
66.946851
66.980287
67.013705
67.047088
67.080416
67.113671
67.146837
67.179895
67.212828
67.245620
67.278254
67.310716
67.342988
67.375057
67.406907
67.438524
67.469895
67.501006
67.531844
67.562397
67.592652
67.622599
67.652225
67.681519
67.710473
67.739075
67.767317
67.795188
67.822682
67.849789
67.876502
67.902813
67.928717
67.954205
67.979274
68.003916
68.028127
68.051902
68.075237
68.098127
68.120571
68.142563
68.164102
68.185185
68.205811
68.225977
68.245683
68.264928
68.283711
68.302031
68.319891
68.337289
68.354226
68.370705
68.386725
68.402290
68.417401
68.432061
68.446272
68.460037
68.473360
68.486244
68.498693
68.510710
68.522301
68.533469
68.544220
68.554558
68.564488
68.574017
68.583149
68.591891
68.600249
68.608229
68.615837
68.623080
68.629965
68.636500
68.642690
68.648545
68.654071
68.659276
68.664169
68.668756
68.673047
68.677051
68.680775
68.684228
68.687420
68.690360
68.693056
68.695518
68.697757
68.699781
68.701600
68.703225
68.704665
68.705932
68.707035
68.707985
68.708793
68.709469
68.710026
68.710474
68.710825
68.711090
68.711280
68.711408
68.711486
68.711526
68.711540
68.711541
68.711541
68.711552
68.711589
68.711664
68.711791
68.711982
68.712251
68.712612
68.713080
68.713667
68.714388
68.715259
68.716292
68.717503
68.718907
68.720519
68.722354
68.724427
68.726754
68.729350
68.732232
68.735415
68.738916
68.742751
68.746936
68.751488
68.756423
68.761759
68.767513
68.773701
68.780342
68.787451
68.795048
68.803149
68.811772
68.820936
68.830658
68.840955
68.851847
68.863350
68.875484
68.888267
68.901716
68.915851
68.930688
68.946247
68.962546
68.979603
68.997435
69.016061
69.035499
69.055767
69.076882
69.098861
69.121723
69.145484
69.170161
69.195770
69.222328
69.249852
69.278356
69.307856
69.338367
69.369903
69.402480
69.436109
69.470805
69.506579
69.543444
69.581411
69.620491
69.660693
69.702028
69.744502
69.788124
69.832901
69.878838
69.925940
69.974212
70.023656
70.074274
70.126067
70.179034
70.233174
70.288483
70.344959
70.402595
70.461384
70.521319
70.582390
70.644585
70.707892
70.772296
70.837782
70.904333
70.971929
71.040550
71.110172
71.180772
71.252324
71.324799
71.398168
71.472400
71.547460
71.623314
71.699924
71.720853
71.721074
71.721262
71.721415
71.721535
71.721624
71.721686
71.721725
71.721744
71.721748
71.721739
71.721720
71.721691
71.721654
71.721609
71.721557
71.721497
71.721431
71.721358
71.721279
71.721195
71.721107
71.721017
71.720927
71.720838
71.720752
71.720671
71.720597
71.720529
71.720470
71.720421
71.720381
71.720351
71.720331
71.720320
71.720319
71.720325
71.720340
71.720362
71.720389
71.720422
71.720459
71.720500
71.720543
71.720588
71.720634
71.720680
71.720725
71.720769
71.720811
71.720850
71.720886
71.720919
71.720948
71.720973
71.720993
71.721009
71.721021
71.721028
71.721031
71.721029
71.721024
71.721015
71.721003
71.720988
71.720971
71.720952
71.720931
71.720909
71.720886
71.720863
71.720841
71.720819
71.720797
71.720777
71.720759
71.720742
71.720727
71.720714
71.720703
71.720694
71.720688
71.720683
71.720681
71.720681
71.720683
71.720687
71.720692
71.720699
71.720707
71.720716
71.720727
71.720737
71.720748
71.720759
71.720771
71.720782
71.720793
71.720803
71.720812
71.720821
71.720829
71.720835
71.720841
71.720846
71.720850
71.720852
71.720853
71.720854
71.720853
71.720852
70.664302
70.447218
70.254417
70.092627
69.966840
69.882073
69.843362
69.841862
69.872801
69.934074
70.023075
70.136774
70.271808
70.424578
70.591345
70.768324
70.951772
71.138062
71.323754
71.505646
71.680815
71.846653
72.000886
72.141586
72.267178
72.376438
72.468487
72.542781
72.599098
72.637523
72.658425
72.662438
72.650438
72.623514
72.582945
72.530165
72.466737
72.394316
72.314624
72.229411
72.140426
72.049392
71.957968
71.867732
71.780156
71.696581
71.618209
71.546084
71.481082
71.423913
71.375107
71.335025
71.303858
71.281631
71.268219
71.263353
71.266632
71.277542
71.295466
71.319705
71.349491
71.384005
71.422397
71.463795
71.507328
71.552137
71.597390
71.642295
71.686109
71.728150
71.767804
71.804532
71.837877
71.867461
71.892996
71.914274
71.931174
71.943656
71.951755
71.955581
71.955309
71.951174
71.943463
71.932508
71.918677
71.902366
71.883993
71.863983
71.842770
71.820781
71.798432
71.776123
71.754230
71.733102
71.713055
71.694368
71.677281
71.661995
71.648669
71.637418
71.628317
71.621399
71.616660
71.614056
71.613513
71.614924
71.618155
71.623048
71.629428
71.637102
71.645868
71.655514
71.665828
71.676598
71.687613
71.698675
71.709592
71.720188
71.730300
71.739784
71.748514
71.756385
71.763311
71.769228
71.774092
71.777880
71.780587
71.782230
71.782839
71.782463
71.781163
71.779013
71.704786
71.625727
71.546812
71.468183
71.389983
71.312353
71.235432
71.159357
71.084252
71.010239
70.937426
70.865911
70.795781
70.727111
70.659964
70.594392
70.530432
70.468113
70.407452
70.348454
70.291116
70.235426
70.181362
70.128897
70.077995
70.028617
69.980716
69.934244
69.889150
69.845379
69.802876
69.761588
69.721459
69.682438
69.644473
69.607517
69.571525
69.536455
69.502272
69.468942
69.436435
69.404729
69.373802
69.343639
69.314227
69.285559
69.257629
69.230435
69.203978
69.178262
69.153289
69.129068
69.105605
69.082907
69.060982
69.039838
69.019482
68.999918
68.981153
68.963187
68.946023
68.929659
68.914093
68.899317
68.885326
68.872108
68.859652
68.847941
68.836960
68.826688
68.817105
68.808188
68.799913
68.792253
68.785182
68.778671
68.772693
68.767217
68.762216
68.757659
68.753518
68.749763
68.746368
68.743304
68.740545
68.738067
68.735844
68.733855
68.732076
68.730489
68.729073
68.727812
68.726689
68.725689
68.724798
68.724004
68.723294
68.722659
68.722088
68.721573
68.721105
68.720677
68.720281
68.719910
68.719557
68.719216
68.718880
68.718543
68.718196
68.717833
68.717447
68.717029
68.716572
68.716067
68.715504
68.714874
68.714168
68.713374
68.712482
68.711481
68.710359
68.709105
68.707705
68.706149
68.704423
68.702515
68.700413
68.698103
68.695574
68.692812
68.689807
68.686545
68.683016
68.679207
68.675109
68.670710
68.666000
68.660971
68.655611
68.649913
68.643868
68.637469
68.630708
68.623578
68.616073
68.608187
68.599914
68.591249
68.582187
68.572723
68.562854
68.552576
68.541885
68.530778
68.519251
68.507302
68.494929
68.482128
68.468897
68.455235
68.441139
68.426608
68.411639
68.396232
68.380384
68.364094
68.347361
68.330185
68.312564
68.294498
68.275986
68.257028
68.237624
68.217775
68.197481
68.176742
68.155561
68.133938
68.111875
68.089375
68.066441
68.043075
68.019281
67.995063
67.970425
67.945372
67.919910
67.894043
67.867780
67.841126
67.814088
67.786675
67.758895
67.730757
67.702269
67.673443
67.644287
67.614813
67.585032
67.554956
67.524598
67.493968
67.463082
67.431951
67.400591
67.369016
67.337239
67.305277
67.273144
67.240858
67.208433
67.175886
67.143235
67.110496
67.077687
67.044826
67.011931
66.979020
66.946112
66.913225
66.880379
66.847594
66.814888
66.782281
66.749793
66.717445
66.685256
66.653247
66.621439
66.589852
66.558506
66.527423
66.496623
66.466127
66.435957
66.406132
66.376674
66.347603
66.318940
66.290707
66.262922
66.235607
66.208782
66.182467
66.156681
66.131444
66.106776
66.082694
66.059219
66.036368
66.014159
65.992609
65.971736
65.951557
65.932087
65.913343
65.895339
65.878090
65.861610
65.845913
65.831012
65.816919
65.803645
65.791202
65.779600
65.768849
65.758958
65.749935
65.741787
65.734522
65.728145
65.722662
65.718078
65.714396
65.711619
65.709750
65.708791
65.708741
65.709602
65.711371
65.714049
65.717631
65.722116
65.727500
65.733777
65.740943
65.748992
65.757916
65.767708
65.778361
65.789864
65.802209
65.815385
65.829382
65.844187
65.859789
65.876175
65.893332
65.911245
65.929900
65.949282
65.969375
65.990164
66.011632
66.033763
66.056538
66.079940
66.103950
66.128551
66.153724
66.179449
66.205706
66.232477
66.259741
66.287478
66.315668
66.344290
66.373323
66.402748
66.432542
66.462685
66.493155
66.523933
66.554997
66.586325
66.617897
66.649692
66.681690
66.713868
66.746208
66.778688
66.811288
66.843988
66.876768
66.909609
66.942490
66.975393
67.008299
67.041190
67.074046
67.106850
67.139584
