-0.002902
-1.535900
-2.007137
-2.497545
0.866459
0.343217
-0.183429
-0.717367
0.204780
-0.341668
0.071746
-0.018810
-0.016249
-0.013021
-0.010416
-0.008331
-0.006663
-0.005328
-0.004261
-0.003407
-0.002723
-0.002176
-0.001739
-0.001388
-0.001108
-0.000884
-0.000704
-0.000560
-0.000445
-0.000353
-0.000279
-0.000220
-0.000173
-0.000135
-0.000104
-0.000079
-0.000060
-0.000044
-0.000031
-0.000020
-0.000012
-0.000005
0.000000
0.000005
0.000009
0.000012
0.000014
0.000017
0.000018
0.000020
0.000021
0.000023
0.000024
0.000025
0.000026
0.000026
0.000027
0.000028
0.000029
0.000029
0.000030
0.000031
0.000031
0.000032
0.000032
0.000033
0.000033
0.000034
0.000035
0.000035
0.000036
0.000036
0.000037
0.000037
0.000038
0.000038
0.000039
0.000040
0.000040
0.000041
0.000041
0.000042
0.000042
0.000043
0.000043
0.000044
0.000045
0.000045
0.000046
0.000046
0.000047
0.000047
0.000048
0.000048
0.000049
0.000049
0.000050
0.000051
0.000051
0.000052
0.000052
0.000053
0.000053
0.000054
0.000054
0.000055
0.000055
0.000056
0.000057
0.000057
0.000058
0.000058
0.000059
0.000059
0.000060
0.000060
0.000061
0.000061
0.000062
0.000063
0.000063
0.000064
0.000064
0.000065
0.000065
0.000066
0.000066
0.000067
0.000067
0.000068
0.000069
0.000069
0.000070
0.000070
0.000071
0.000071
0.000072
0.000072
0.000073
0.000073
0.000074
0.000075
0.000075
0.000076
0.000076
0.000077
0.000077
0.000078
0.000078
0.000079
0.000079
0.000080
0.000081
0.000081
0.000082
0.000082
0.000083
0.000083
0.000084
0.000084
0.000085
0.000085
0.000086
0.000087
0.000087
0.000088
0.000088
0.000089
0.000089
0.000090
0.000090
0.000091
0.000091
0.000092
0.000093
0.000093
0.000094
0.000094
0.000095
0.000095
0.000096
0.000096
0.000097
0.000097
0.000098
0.000099
0.000099
0.000100
0.000100
0.000101
0.000101
0.000102
0.000102
0.000103
0.000103
0.000104
0.000105
0.000105
0.000106
0.000106
0.000107
0.000107
0.000108
0.000108
0.000109
0.000110
0.000110
0.000111
0.000111
0.000112
0.000112
0.000113
0.000113
0.000114
0.000114
0.000115
0.000116
0.000116
0.000117
0.000117
0.000118
0.000118
0.000119
0.000119
0.000147
0.000173
0.000194
0.000212
0.000226
0.000237
0.000247
0.003440
0.011763
0.025086
0.043335
0.066548
0.094783
0.128105
0.166586
0.210306
0.259352
0.313822
0.373629
0.435078
0.494869
0.549315
0.589657
0.619460
0.637093
0.642947
0.637587
0.621733
0.596243
0.562089
0.520335
0.472113
0.418603
0.361008
0.300530
0.238357
0.175635
0.113460
0.052852
-0.005250
-0.060001
-0.110663
-0.156606
-0.197319
-0.232404
-0.261583
-0.284694
-0.301685
-0.312614
-0.317635
-0.316994
-0.311021
-0.300116
-0.284741
-0.265407
-0.242664
-0.217089
-0.189274
-0.159817
-0.129308
-0.098323
-0.067416
-0.037104
-0.007869
0.019856
0.045684
0.069286
0.090385
0.108766
0.124270
0.136795
0.146299
0.152788
0.156324
0.157012
0.155002
0.150478
0.143659
0.134790
0.124137
0.111979
0.098608
0.084318
0.069403
0.054151
0.038838
0.023729
0.009066
-0.004926
-0.018049
-0.030129
-0.041020
-0.050604
-0.058793
-0.065526
-0.070772
-0.074524
-0.076803
-0.077653
-0.077141
-0.075351
-0.072386
-0.068362
-0.063406
-0.057655
-0.051251
-0.044339
-0.037065
-0.029573
-0.022001
-0.014482
-0.007142
-0.000093
0.006560
0.012728
0.018332
0.023311
0.027614
0.031208
0.034070
0.036193
0.037584
0.038259
0.038248
0.037590
0.036331
0.034527
0.032239
0.029533
0.026479
0.023147
0.019611
0.015940
0.012206
0.008474
0.004808
0.001266
-0.002098
-0.005238
-0.008119
-0.010708
-0.012978
-0.014909
-0.016489
-0.017710
-0.018573
-0.019084
-0.019254
-0.019101
-0.018646
-0.017912
-0.016929
-0.015726
-0.014337
-0.012794
-0.011133
-0.009388
-0.007591
-0.005776
-0.003974
-0.002214
-0.000522
0.001077
0.002563
0.003918
0.005126
0.006176
0.007060
0.007772
0.008311
0.008678
0.008876
0.008912
0.008794
0.008533
0.008141
0.007632
0.007022
0.006325
0.005558
0.004738
0.003881
0.003004
0.002122
0.001249
0.000400
-0.000413
-0.001178
-0.001885
-0.002527
-0.003095
-0.003584
-0.003992
-0.004315
-0.004553
-0.004706
-0.004776
-0.004768
-0.004684
-0.004531
-0.004315
-0.004042
-0.003721
-0.003358
-0.002961
-0.002540
-0.002102
-0.001656
-0.001208
-0.000766
-0.000336
0.000074
0.000459
0.000815
0.001137
0.001422
0.001668
0.001872
0.002034
0.002154
0.002230
0.002266
0.002262
0.002221
0.002146
0.002038
0.001903
0.001744
0.001564
0.001368
0.001160
0.000944
0.000723
0.000502
0.000285
0.000074
-0.000127
-0.000316
-0.000490
-0.000647
-0.000785
-0.000904
-0.001001
-0.001078
-0.001134
-0.001168
-0.001182
-0.001177
-0.001153
-0.001112
-0.001055
-0.000985
-0.000903
-0.000812
-0.000712
-0.000607
-0.000498
-0.000387
-0.000277
-0.000168
-0.000063
0.000036
0.000130
0.000215
0.000292
0.000359
0.000416
0.000462
0.000498
0.000523
0.000537
0.000541
0.000536
0.000520
0.000497
0.000465
0.000427
0.000383
0.000334
0.000280
0.000225
0.000167
0.000108
0.000050
-0.000008
-0.000063
-0.000116
-0.000166
-0.000212
-0.000254
-0.000290
-0.000322
-0.000349
-0.000370
-0.000386
-0.000397
-0.000403
-0.000403
-0.000400
-0.000392
-0.000380
-0.000365
-0.000347
-0.000327
-0.000305
-0.000281
-0.000257
-0.000232
-0.000208
-0.000184
-0.000161
-0.000139
-0.000119
-0.000101
-0.000085
-0.000072
-0.000061
-0.000053
-0.000047
-0.000044
-0.000044
-0.000046
-0.000050
-0.000057
-0.000066
-0.000077
-0.000089
-0.000103
-0.000118
-0.000134
-0.000150
-0.000167
-0.000184
-0.000201
-0.000217
-0.000233
-0.000248
-0.000262
-0.000276
-0.000288
-0.000299
-0.000308
-0.000316
-0.000323
-0.000328
-0.000332
-0.000334
-0.000335
-0.000335
-0.000334
-0.000331
-0.000328
-0.000323
-0.000319
-0.000313
-0.000307
-0.000300
-0.000294
-0.000287
-0.000280
-0.000273
-0.000267
-0.000260
-0.000254
-0.000249
-0.000244
-0.000239
-0.000235
-0.000231
-0.000228
-0.000225
-0.000223
-0.000221
-0.000219
-0.000218
-0.000218
-0.000217
-0.000217
-0.000217
-0.000217
-0.000217
-0.000217
-0.000217
-0.000217
-0.000216
-0.000216
-0.000215
-0.000214
-0.000212
-0.000210
-0.000207
-0.000204
-0.000201
-0.000197
-0.000193
-0.000188
-0.000183
-0.000177
-0.000171
-0.000165
-0.000158
-0.000151
-0.000143
-0.000135
-0.000127
-0.000119
-0.000110
-0.000101
-0.000090
-0.000079
-0.000067
-0.000056
-0.000045
-0.000033
-0.000023
-0.000012
-0.000003
0.000006
0.000014
0.000021
0.000027
0.000032
0.000035
0.000038
0.000040
0.000041
0.000043
0.000045
0.000046
0.000049
0.000051
0.000054
0.000057
0.000060
0.000064
0.000068
0.000073
0.000078
0.000084
0.000089
0.000096
0.000102
0.000109
0.000116
0.000123
0.000130
0.000137
0.000144
0.000152
0.000159
0.000166
0.000173
0.000179
0.000186
0.000192
0.000197
0.000203
0.000208
0.000212
0.000216
0.000220
0.000223
0.000226
0.000229
0.000231
0.000232
0.000234
0.000234
0.000235
0.000235
0.000235
0.000235
0.000234
0.000233
0.000232
0.000231
0.000230
0.000228
0.000227
0.000225
0.000223
0.000222
0.000220
0.000218
0.000217
0.000215
0.000213
0.000211
0.000210
0.000208
0.000206
0.000205
0.000203
0.000201
0.000200
0.000198
0.000196
0.000195
0.000193
0.000191
0.000189
0.000187
0.000185
0.000183
0.000181
0.000178
0.000176
0.000173
0.000170
0.000168
0.000165
0.000162
0.000159
0.000155
0.000152
0.000149
0.000145
0.000142
0.000138
0.000134
0.000130
0.000127
0.000123
0.000119
0.000115
0.000111
0.000108
0.000104
0.000100
0.000096
0.000092
0.000089
0.000085
0.000082
0.000078
0.000074
0.000071
0.000068
0.000064
0.000061
0.000058
0.000055
0.000052
0.000049
0.000046
0.000043
0.000040
0.000038
0.000035
0.000032
0.000030
0.000027
0.000025
0.000022
0.000020
0.000017
0.000015
0.000013
0.000011
0.000008
0.000006
0.000004
0.000002
0.000000
-0.000002
-0.000004
-0.000006
-0.000007
-0.000009
-0.000011
-0.000012
-0.000014
-0.000016
-0.000017
-0.000018
-0.000020
-0.000021
-0.000022
-0.000023
-0.000024
-0.000025
-0.000025
-0.000026
-0.000027
-0.000027
-0.000028
-0.000028
-0.000028
-0.000028
-0.000028
-0.000028
-0.000028
-0.000028
-0.000027
-0.000027
-0.000026
-0.000025
-0.000025
-0.000024
-0.000023
-0.000021
-0.000020
-0.000019
-0.000017
-0.000016
-0.000014
-0.000013
-0.000011
-0.000009
-0.000007
-0.000004
-0.000002
0.000000
0.000003
0.000006
0.000008
0.000011
0.000014
0.000017
0.000021
0.000024
0.000028
0.000031
0.000035
0.000039
0.000043
0.000047
0.000051
0.000056
0.000061
0.000065
0.000070
0.000075
0.000080
0.000085
0.000091
0.000096
0.000102
0.000108
0.000114
0.000120
0.000126
0.000132
0.000139
0.000146
0.000152
0.000159
0.000166
0.000173
0.000181
0.000188
0.000195
0.000203
0.000211
0.000219
0.000226
0.000234
0.000243
0.000251
0.000259
0.000267
0.000276
0.000284
0.000293
0.000302
0.000310
0.000319
0.000328
0.000337
0.000345
0.000354
0.000363
0.000372
0.000381
0.000390
0.000398
0.000407
0.000416
0.000424
0.000433
0.000442
0.000450
0.000458
0.000466
0.000474
0.000482
0.000490
0.000498
0.000505
0.000512
0.000519
0.000526
0.000525
0.000516
0.000498
0.000472
0.000439
0.000400
0.000356
0.000308
0.000257
0.000204
0.000150
0.000097
0.000044
-0.000007
-0.000055
-0.000101
-0.000142
-0.000179
-0.000211
-0.000238
-0.000260
-0.000277
-0.000289
-0.000295
-0.000297
-0.000293
-0.000286
-0.000274
-0.000259
-0.000241
-0.000220
-0.000197
-0.000172
-0.000146
-0.000120
-0.000093
-0.000067
-0.000041
-0.000017
0.000006
0.000027
0.000046
0.000063
0.000078
0.000089
0.000099
0.000105
0.000109
0.000111
0.000110
0.000107
0.000102
0.000095
0.000087
0.000077
0.000066
0.000054
0.000041
0.000028
0.000015
0.000002
-0.000011
-0.000023
-0.000034
-0.000045
-0.000055
-0.000064
-0.000071
-0.000078
-0.000083
-0.000086
-0.000089
-0.000090
-0.000090
-0.000089
-0.000087
-0.000084
-0.000080
-0.000075
-0.000070
-0.000064
-0.000058
-0.000052
-0.000045
-0.000039
-0.000032
-0.000026
-0.000020
-0.000015
-0.000010
-0.000005
-0.000001
0.000002
0.000005
0.000007
0.000008
0.000009
0.000009
0.000009
0.000008
0.000007
0.000005
0.000003
0.000000
-0.000002
-0.000005
-0.000009
-0.000012
-0.000015
-0.000018
-0.811498
-0.792234
-0.758111
-0.707011
-0.638929
-0.553857
-0.451788
-0.345930
-0.240156
-0.136247
-0.035859
0.059503
0.148505
0.229992
0.303005
0.366779
0.420751
0.464555
0.498018
0.521155
0.534153
0.537362
0.531280
0.516534
0.493860
0.464093
0.428135
0.386948
0.341523
0.292871
0.241999
0.189894
0.137510
0.085750
0.035459
-0.012595
-0.057721
-0.099319
-0.136881
-0.169997
-0.198355
-0.221740
-0.240035
-0.253215
-0.261344
-0.264567
-0.263104
-0.257244
-0.247332
-0.233765
-0.216978
-0.197436
-0.175627
-0.152048
-0.127198
-0.101572
-0.075647
-0.049882
-0.024705
-0.000510
0.022347
0.043554
0.062842
0.079992
0.094834
0.107245
0.117150
0.124524
0.129383
0.131786
0.131831
0.129649
0.125402
0.119280
0.111492
0.102262
0.091830
0.080439
0.068337
0.055770
0.042976
0.030186
0.017616
0.005468
-0.006077
-0.016855
-0.026728
-0.035578
-0.043314
-0.049865
-0.055188
-0.059261
-0.062085
-0.063683
-0.064097
-0.063385
-0.061623
-0.058901
-0.055317
-0.050983
-0.046012
-0.040526
-0.034647
-0.028496
-0.022193
-0.015854
-0.009588
-0.003498
0.002323
0.007791
0.012833
0.017388
0.021405
0.024847
0.027688
0.029912
0.031518
0.032512
0.032912
0.032745
0.032046
0.030855
0.029222
0.027198
0.024840
0.022207
0.019358
0.016355
0.013258
0.010123
0.007006
0.003959
0.001031
-0.001742
-0.004323
-0.006678
-0.008781
-0.010610
-0.012152
-0.013396
-0.014339
-0.014981
-0.015330
-0.015396
-0.015194
-0.014743
-0.014065
-0.013183
-0.012124
-0.010916
-0.009586
-0.008165
-0.006681
-0.005162
-0.003634
-0.002125
-0.000657
0.000747
0.002068
0.003289
0.004396
0.005376
0.006221
0.006924
0.007482
0.007894
0.008161
0.008288
0.008280
0.008144
0.007891
0.007531
0.007075
0.006538
0.005932
0.005271
0.004570
0.003841
0.003099
0.002356
0.001626
0.000918
0.000244
-0.000387
-0.000966
-0.001489
-0.001948
-0.002339
-0.002661
-0.002911
-0.003088
-0.003195
-0.003233
-0.003206
-0.003116
-0.002969
-0.002770
-0.002526
-0.002243
-0.001926
-0.001584
-0.001223
-0.000850
-0.000472
-0.000094
0.000276
0.000634
0.000974
0.001292
0.001583
0.001845
0.002075
0.002271
0.002432
0.002557
0.002645
0.002698
0.002717
0.002703
0.002658
0.002585
0.002486
0.002364
0.002223
0.002066
0.001896
0.001718
0.001533
0.001347
0.001161
0.000978
0.000803
0.000636
0.000481
0.000339
0.000212
0.000101
0.000007
-0.000070
-0.000128
-0.000168
-0.000191
-0.000197
-0.000186
-0.000161
-0.000121
-0.000069
-0.000006
0.000066
0.000147
0.000233
0.000323
0.000416
0.000509
0.000602
0.000693
0.000780
0.000862
0.000938
0.001007
0.001069
0.001122
0.001167
0.001202
0.001229
0.001246
0.001254
0.001254
0.001246
0.001229
0.001206
0.001177
0.001142
0.001103
0.001059
0.001013
0.000965
0.000915
0.000865
0.000815
0.000767
0.000720
0.000676
0.000635
0.000597
0.000563
0.000533
0.000508
0.000486
0.000470
0.000458
0.000450
0.000447
0.000447
0.000451
0.000459
0.000470
0.000483
0.000499
0.000516
0.000535
0.000555
0.000575
0.000596
0.000616
0.000635
0.000654
0.000671
0.000687
0.000700
0.000712
0.000722
0.000730
0.000736
0.000739
0.000740
0.000739
0.000735
0.000730
0.000723
0.000714
0.000704
0.000692
0.000679
0.000666
0.000652
0.000637
0.000622
0.000607
0.000593
0.000578
0.000565
0.000552
0.000540
0.000528
0.000518
0.000509
0.000501
0.000494
0.000489
0.000485
0.000482
0.000480
0.000479
0.000479
0.000480
0.000482
0.000485
0.000489
0.000493
0.000498
0.000503
0.000508
0.000513
0.000519
0.000524
0.000530
0.000535
0.000540
0.000545
0.000549
0.000553
0.000557
0.000560
0.000563
0.000565
0.000567
0.000569
0.000570
0.000571
0.000572
0.000572
0.000573
0.000573
0.000573
0.000573
0.000573
0.000573
0.000573
0.000573
0.000574
0.000575
0.000576
0.000577
0.000579
0.000581
0.000584
0.000587
0.000590
0.000594
0.000598
0.000602
0.000607
0.000613
0.000618
0.000624
0.000631
0.000637
0.000644
0.000651
0.000659
0.000666
0.000674
0.000681
0.000689
0.000697
0.000705
0.000712
0.000720
0.000728
0.000736
0.000743
0.000750
0.000758
0.000765
0.000772
0.000779
0.000785
0.000792
0.000798
0.000805
0.000811
0.000817
0.000822
0.000828
0.000834
0.000839
0.000845
0.000850
0.000855
0.000860
0.000865
0.000870
0.000875
0.000880
0.000885
0.000890
0.000895
0.000900
0.000904
0.000909
0.000914
0.000918
0.000923
0.000927
0.000932
0.000936
0.000940
0.000944
0.000948
0.000952
0.000956
0.000959
0.000963
0.000966
0.000970
0.000973
0.000976
0.000978
0.000981
0.000983
0.000985
0.000987
0.000989
0.000991
0.000992
0.000994
0.000995
0.000996
0.000996
0.000997
0.000997
0.000998
0.000998
