0.001292
-0.026163
-0.046234
-0.071208
-0.062544
-0.059111
-0.060946
-0.068119
-0.066071
-0.069488
-0.068771
-0.068959
-0.069121
-0.069252
-0.069356
-0.069439
-0.069506
-0.069559
-0.069602
-0.069636
-0.069663
-0.069685
-0.069702
-0.069716
-0.069727
-0.069736
-0.069743
-0.069748
-0.069753
-0.069756
-0.069759
-0.069761
-0.069763
-0.069764
-0.069765
-0.069766
-0.069767
-0.069767
-0.069768
-0.069768
-0.069768
-0.069768
-0.069768
-0.069768
-0.069768
-0.069768
-0.069768
-0.069767
-0.069767
-0.069767
-0.069767
-0.069767
-0.069766
-0.069766
-0.069766
-0.069766
-0.069765
-0.069765
-0.069765
-0.069764
-0.069764
-0.069764
-0.069764
-0.069763
-0.069763
-0.069763
-0.069762
-0.069762
-0.069762
-0.069761
-0.069761
-0.069760
-0.069760
-0.069760
-0.069759
-0.069759
-0.069759
-0.069758
-0.069758
-0.069757
-0.069757
-0.069757
-0.069756
-0.069756
-0.069755
-0.069755
-0.069754
-0.069754
-0.069753
-0.069753
-0.069753
-0.069752
-0.069752
-0.069751
-0.069751
-0.069750
-0.069750
-0.069749
-0.069749
-0.069748
-0.069748
-0.069747
-0.069747
-0.069746
-0.069745
-0.069745
-0.069744
-0.069744
-0.069743
-0.069743
-0.069742
-0.069741
-0.069741
-0.069740
-0.069740
-0.069739
-0.069738
-0.069738
-0.069737
-0.069737
-0.069736
-0.069735
-0.069735
-0.069734
-0.069733
-0.069733
-0.069732
-0.069731
-0.069731
-0.069730
-0.069729
-0.069729
-0.069728
-0.069727
-0.069727
-0.069726
-0.069725
-0.069724
-0.069724
-0.069723
-0.069722
-0.069721
-0.069721
-0.069720
-0.069719
-0.069718
-0.069718
-0.069717
-0.069716
-0.069715
-0.069715
-0.069714
-0.069713
-0.069712
-0.069711
-0.069710
-0.069710
-0.069709
-0.069708
-0.069707
-0.069706
-0.069705
-0.069705
-0.069704
-0.069703
-0.069702
-0.069701
-0.069700
-0.069699
-0.069698
-0.069697
-0.069697
-0.069696
-0.069695
-0.069694
-0.069693
-0.069692
-0.069691
-0.069690
-0.069689
-0.069688
-0.069687
-0.069686
-0.069685
-0.069684
-0.069683
-0.069682
-0.069681
-0.069680
-0.069679
-0.069678
-0.069677
-0.069676
-0.069675
-0.069674
-0.069673
-0.069672
-0.069671
-0.069670
-0.069669
-0.069668
-0.069667
-0.069666
-0.069665
-0.069664
-0.069662
-0.069661
-0.069660
-0.069659
-0.069658
-0.069657
-0.069656
-0.069655
-0.069653
-0.069652
-0.069651
-0.069650
-0.069649
-0.069648
-0.069647
-0.069645
-0.069644
-0.069643
-0.069642
-0.069640
-0.069639
-0.069637
-0.069635
-0.069632
-0.069630
-0.069627
-0.069593
-0.069475
-0.069225
-0.068791
-0.068126
-0.067178
-0.065897
-0.064231
-0.062128
-0.059534
-0.056396
-0.052660
-0.048309
-0.043360
-0.037867
-0.031971
-0.025776
-0.019405
-0.012975
-0.006599
-0.000382
0.005581
0.011202
0.016406
0.021127
0.025314
0.028924
0.031930
0.034313
0.036070
0.037205
0.037734
0.037681
0.037082
0.035975
0.034409
0.032436
0.030113
0.027497
0.024650
0.021634
0.018508
0.015332
0.012162
0.009052
0.006051
0.003204
0.000550
-0.001876
-0.004047
-0.005939
-0.007537
-0.008830
-0.009813
-0.010487
-0.010858
-0.010936
-0.010737
-0.010280
-0.009587
-0.008683
-0.007595
-0.006352
-0.004984
-0.003521
-0.001993
-0.000429
0.001141
0.002691
0.004196
0.005633
0.006981
0.008223
0.009343
0.010329
0.011173
0.011867
0.012409
0.012798
0.013035
0.013126
0.013077
0.012897
0.012596
0.012186
0.011680
0.011092
0.010437
0.009730
0.008985
0.008217
0.007441
0.006670
0.005916
0.005193
0.004509
0.003875
0.003299
0.002787
0.002344
0.001973
0.001678
0.001458
0.001314
0.001242
0.001242
0.001307
0.001435
0.001619
0.001852
0.002128
0.002441
0.002782
0.003144
0.003520
0.003903
0.004285
0.004662
0.005025
0.005371
0.005693
0.005989
0.006254
0.006486
0.006682
0.006842
0.006964
0.007049
0.007097
0.007110
0.007089
0.007037
0.006956
0.006849
0.006720
0.006571
0.006406
0.006230
0.006044
0.005854
0.005661
0.005470
0.005284
0.005105
0.004936
0.004779
0.004636
0.004508
0.004397
0.004304
0.004228
0.004171
0.004131
0.004109
0.004104
0.004115
0.004141
0.004180
0.004232
0.004294
0.004365
0.004443
0.004526
0.004613
0.004702
0.004791
0.004880
0.004965
0.005047
0.005123
0.005194
0.005257
0.005313
0.005361
0.005400
0.005430
0.005452
0.005464
0.005469
0.005465
0.005453
0.005434
0.005409
0.005379
0.005343
0.005303
0.005261
0.005215
0.005168
0.005121
0.005073
0.005027
0.004982
0.004939
0.004899
0.004862
0.004828
0.004799
0.004774
0.004753
0.004737
0.004725
0.004717
0.004714
0.004715
0.004720
0.004728
0.004740
0.004755
0.004771
0.004790
0.004811
0.004833
0.004855
0.004878
0.004901
0.004924
0.004945
0.004966
0.004985
0.005003
0.005019
0.005033
0.005044
0.005054
0.005062
0.005067
0.005070
0.005071
0.005070
0.005067
0.005062
0.005056
0.005048
0.005040
0.005030
0.005019
0.005008
0.004997
0.004985
0.004974
0.004962
0.004951
0.004941
0.004931
0.004923
0.004915
0.004908
0.004902
0.004897
0.004894
0.004891
0.004890
0.004889
0.004890
0.004891
0.004894
0.004897
0.004901
0.004905
0.004910
0.004915
0.004921
0.004926
0.004932
0.004938
0.004943
0.004948
0.004953
0.004958
0.004962
0.004965
0.004968
0.004971
0.004973
0.004974
0.004975
0.004975
0.004974
0.004973
0.004972
0.004970
0.004968
0.004965
0.004962
0.004959
0.004955
0.004952
0.004948
0.004944
0.004940
0.004937
0.004933
0.004929
0.004926
0.004923
0.004920
0.004917
0.004914
0.004912
0.004910
0.004908
0.004907
0.004905
0.004904
0.004903
0.004902
0.004902
0.004901
0.004901
0.004900
0.004900
0.004900
0.004900
0.004900
0.004899
0.004899
0.004899
0.004898
0.004897
0.004897
0.004896
0.004894
0.004893
0.004892
0.004890
0.004888
0.004886
0.004884
0.004882
0.004880
0.004877
0.004875
0.004872
0.004869
0.004866
0.004863
0.004860
0.004857
0.004854
0.004851
0.004847
0.004844
0.004841
0.004838
0.004835
0.004832
0.004829
0.004827
0.004824
0.004821
0.004818
0.004816
0.004813
0.004811
0.004808
0.004806
0.004804
0.004802
0.004800
0.004797
0.004795
0.004793
0.004791
0.004789
0.004787
0.004785
0.004783
0.004781
0.004779
0.004778
0.004776
0.004774
0.004772
0.004770
0.004768
0.004766
0.004764
0.004762
0.004760
0.004758
0.004756
0.004754
0.004752
0.004751
0.004749
0.004747
0.004745
0.004744
0.004742
0.004741
0.004739
0.004738
0.004736
0.004735
0.004734
0.004733
0.004732
0.004731
0.004730
0.004729
0.004728
0.004728
0.004727
0.004727
0.004727
0.004727
0.004727
0.004727
0.004727
0.004727
0.004728
0.004728
0.004729
0.004729
0.004730
0.004730
0.004731
0.004731
0.004732
0.004733
0.004733
0.004734
0.004735
0.004736
0.004736
0.004737
0.004738
0.004739
0.004740
0.004741
0.004742
0.004743
0.004744
0.004746
0.004747
0.004748
0.004750
0.004751
0.004753
0.004755
0.004756
0.004758
0.004760
0.004762
0.004764
0.004766
0.004768
0.004770
0.004773
0.004775
0.004777
0.004780
0.004782
0.004784
0.004787
0.004789
0.004792
0.004795
0.004797
0.004800
0.004802
0.004805
0.004807
0.004810
0.004813
0.004815
0.004818
0.004820
0.004823
0.004825
0.004828
0.004830
0.004833
0.004835
0.004838
0.004840
0.004842
0.004845
0.004847
0.004849
0.004852
0.004854
0.004856
0.004859
0.004861
0.004863
0.004865
0.004867
0.004870
0.004872
0.004874
0.004876
0.004878
0.004880
0.004882
0.004884
0.004887
0.004889
0.004891
0.004892
0.004894
0.004896
0.004898
0.004900
0.004902
0.004904
0.004905
0.004907
0.004909
0.004910
0.004912
0.004914
0.004915
0.004917
0.004918
0.004919
0.004921
0.004922
0.004924
0.004925
0.004926
0.004927
0.004928
0.004929
0.004931
0.004932
0.004933
0.004934
0.004935
0.004935
0.004936
0.004937
0.004938
0.004939
0.004939
0.004940
0.004941
0.004942
0.004942
0.004943
0.004943
0.004944
0.004944
0.004945
0.004945
0.004946
0.004946
0.004947
0.004947
0.004947
0.004948
0.004948
0.004948
0.004949
0.004949
0.004949
0.004949
0.004950
0.004950
0.004950
0.004950
0.004950
0.004950
0.004950
0.004950
0.004950
0.004951
0.004951
0.004951
0.004951
0.004951
0.004951
0.004951
0.004951
0.004950
0.004950
0.004950
0.004950
0.004950
0.004950
0.004950
0.004950
0.004950
0.004950
0.004950
0.004950
0.004950
0.004950
0.004950
0.004950
0.004950
0.004950
0.004950
0.004950
0.004950
0.004950
0.004950
0.004950
0.004950
0.004950
0.004951
0.004951
0.004951
0.004951
0.004951
0.004952
0.004952
0.004952
0.004952
0.004953
0.004953
0.004954
0.004954
0.004955
0.004955
0.004956
0.004956
0.004957
0.004958
0.004959
0.004959
0.004960
0.004961
0.004962
0.004963
0.004964
0.004965
0.004966
0.004967
0.004969
0.004970
0.004971
0.004973
0.004974
0.004976
0.004977
0.004979
0.004981
0.004983
0.004985
0.004987
0.004989
0.004991
0.004993
0.004995
0.004997
0.005000
0.005002
0.005005
0.005008
0.005010
0.005013
0.005016
0.005019
0.005022
0.005025
0.005029
0.005032
0.005035
0.005039
0.005042
0.005046
0.005050
0.005054
0.005058
0.005062
0.005066
0.005070
0.005074
0.005079
0.005083
0.005088
0.005092
0.005097
0.005102
0.005107
0.005112
0.005117
0.005122
0.005127
0.005133
0.005138
0.005143
0.005149
0.005154
0.005160
0.005165
0.005170
0.005175
0.005179
0.005183
0.005186
0.005189
0.005191
0.005193
0.005194
0.005195
0.005195
0.005194
0.005194
0.005193
0.005191
0.005189
0.005187
0.005185
0.005182
0.005179
0.005177
0.005174
0.005171
0.005169
0.005166
0.005164
0.005162
0.005160
0.005158
0.005156
0.005155
0.005154
0.005154
0.005153
0.005153
0.005153
0.005153
0.005154
0.005155
0.005155
0.005156
0.005158
0.005159
0.005160
0.005161
0.005163
0.005164
0.005165
0.005167
0.005168
0.005169
0.005170
0.005171
0.005172
0.005172
0.005173
0.005173
0.005173
0.005174
0.005174
0.005173
0.005173
0.005173
0.005173
0.005172
0.005172
0.005171
0.005170
0.005170
0.005169
0.005168
0.005168
0.005167
0.005166
0.005166
0.005165
0.005165
0.005165
0.005164
0.005164
0.005164
0.005164
0.005163
0.005163
0.005163
0.005164
0.005164
0.005164
0.005164
0.005164
0.005165
0.005165
0.005165
0.005166
0.005166
0.005166
0.005167
0.005167
0.005167
0.005167
0.005168
0.005168
0.005168
0.005168
0.005168
0.005168
0.005168
-0.002954
-0.010884
-0.018473
-0.025550
-0.031946
-0.037491
-0.042014
-0.045479
-0.047884
-0.049251
-0.049612
-0.049020
-0.047538
-0.045240
-0.042213
-0.038548
-0.034344
-0.029703
-0.024727
-0.019521
-0.014185
-0.008818
-0.003513
0.001645
0.006576
0.011208
0.015481
0.019341
0.022746
0.025665
0.028075
0.029964
0.031329
0.032176
0.032520
0.032383
0.031795
0.030791
0.029412
0.027702
0.025708
0.023481
0.021071
0.018529
0.015906
0.013251
0.010611
0.008030
0.005548
0.003203
0.001025
-0.000957
-0.002721
-0.004249
-0.005528
-0.006551
-0.007314
-0.007820
-0.008074
-0.008086
-0.007870
-0.007441
-0.006820
-0.006027
-0.005085
-0.004020
-0.002856
-0.001618
-0.000332
0.000978
0.002289
0.003578
0.004824
0.006008
0.007115
0.008129
0.009039
0.009835
0.010510
0.011059
0.011480
0.011773
0.011940
0.011986
0.011917
0.011740
0.011463
0.011099
0.010657
0.010150
0.009589
0.008988
0.008359
0.007714
0.007064
0.006422
0.005798
0.005200
0.004639
0.004121
0.003653
0.003240
0.002885
0.002592
0.002363
0.002196
0.002092
0.002050
0.002065
0.002135
0.002256
0.002422
0.002628
0.002868
0.003137
0.003428
0.003736
0.004053
0.004374
0.004693
0.005006
0.005306
0.005590
0.005854
0.006094
0.006308
0.006493
0.006649
0.006773
0.006866
0.006928
0.006959
0.006961
0.006935
0.006884
0.006808
0.006712
0.006598
0.006468
0.006326
0.006174
0.006016
0.005855
0.005693
0.005533
0.005377
0.005229
0.005089
0.004960
0.004842
0.004739
0.004649
0.004574
0.004515
0.004470
0.004441
0.004427
0.004426
0.004439
0.004464
0.004500
0.004546
0.004600
0.004662
0.004729
0.004800
0.004873
0.004948
0.005023
0.005097
0.005168
0.005235
0.005298
0.005355
0.005407
0.005452
0.005489
0.005520
0.005543
0.005559
0.005567
0.005568
0.005563
0.005551
0.005533
0.005511
0.005483
0.005452
0.005418
0.005381
0.005342
0.005302
0.005262
0.005222
0.005183
0.005145
0.005110
0.005077
0.005046
0.005019
0.004996
0.004976
0.004959
0.004947
0.004938
0.004933
0.004932
0.004933
0.004939
0.004947
0.004957
0.004970
0.004985
0.005002
0.005019
0.005038
0.005057
0.005077
0.005096
0.005114
0.005133
0.005150
0.005165
0.005180
0.005193
0.005204
0.005213
0.005221
0.005226
0.005230
0.005232
0.005232
0.005231
0.005228
0.005223
0.005218
0.005211
0.005203
0.005194
0.005185
0.005176
0.005166
0.005156
0.005147
0.005137
0.005128
0.005120
0.005112
0.005105
0.005098
0.005093
0.005088
0.005085
0.005082
0.005080
0.005079
0.005079
0.005080
0.005082
0.005084
0.005087
0.005090
0.005094
0.005098
0.005103
0.005107
0.005112
0.005117
0.005121
0.005126
0.005130
0.005134
0.005138
0.005141
0.005144
0.005146
0.005148
0.005149
0.005150
0.005150
0.005150
0.005150
0.005149
0.005147
0.005145
0.005143
0.005141
0.005138
0.005135
0.005132
0.005129
0.005125
0.005122
0.005119
0.005116
0.005112
0.005109
0.005106
0.005103
0.005101
0.005098
0.005096
0.005094
0.005092
0.005091
0.005089
0.005088
0.005087
0.005086
0.005085
0.005085
0.005084
0.005084
0.005083
0.005083
0.005083
0.005082
0.005082
0.005082
0.005081
0.005080
0.005080
0.005079
0.005078
0.005077
0.005076
0.005074
0.005073
0.005071
0.005070
0.005068
0.005066
0.005063
0.005061
0.005059
0.005056
0.005054
0.005051
0.005048
0.005045
0.005043
0.005040
0.005037
0.005034
0.005031
0.005028
0.005026
0.005023
0.005020
0.005017
0.005015
0.005012
0.005009
0.005007
0.005005
0.005002
0.005000
0.004998
0.004995
0.004993
0.004991
0.004989
0.004987
0.004985
0.004983
0.004981
0.004979
0.004978
0.004976
0.004974
0.004972
0.004970
0.004968
0.004967
0.004965
0.004963
0.004961
0.004959
0.004957
0.004956
0.004954
0.004952
0.004950
0.004949
0.004947
0.004945
0.004944
0.004942
0.004940
0.004939
0.004937
0.004936
0.004934
0.004933
0.004932
0.004930
0.004929
0.004928
0.004927
0.004926
0.004925
0.004924
0.004924
0.004923
0.004922
0.004922
0.004921
0.004921
0.004921
0.004921
0.004920
0.004920
0.004920
0.004921
0.004921
0.004921
0.004921
0.004922
0.004922
0.004923
0.004923
0.004924
0.004924
0.004925
0.004926
0.004927
0.004928
0.004929
0.004930
0.004931
0.004932
0.004933
0.004934
0.004935
0.004937
0.004938
0.004940
0.004941
0.004942
0.004944
0.004946
0.004947
0.004949
0.004950
0.004952
0.004954
0.004956
0.004958
0.004960
0.004962
0.004964
0.004966
0.004968
0.004970
0.004972
0.004974
0.004976
0.004978
0.004980
0.004983
0.004985
0.004987
0.004989
0.004992
0.004994
0.004996
0.004999
0.005001
0.005003
0.005006
0.005008
0.005010
0.005013
0.005015
