0.000001
0.000001
0.000001
0.000001
0.000001
0.000001
0.000001
0.000001
0.000001
0.000001
0.000001
0.000001
0.000001
0.000001
0.000001
0.000001
0.000001
0.000001
0.000001
0.000001
0.000001
0.000001
0.000001
0.000001
0.000001
0.000001
0.000001
0.000001
0.000001
0.000001
0.000001
0.000001
0.000001
0.000001
0.000001
0.000001
0.000001
0.000001
0.000001
0.000001
0.000001
0.000002
0.000002
0.000002
0.000002
0.000002
0.000002
0.000002
0.000002
0.000002
0.000002
0.000002
0.000002
0.000002
0.000002
0.000002
0.000002
0.000002
0.000002
0.000002
0.000002
0.000002
0.000002
0.000002
0.000002
0.000002
0.000002
0.000002
0.000002
0.000002
0.000002
0.000002
0.000002
0.000002
0.000002
0.000002
0.000002
0.000002
0.000002
0.000002
0.000002
0.000002
0.000002
0.000002
0.000002
0.000002
0.000002
0.000002
0.000002
0.000002
0.000002
0.000002
0.000002
0.000002
0.000002
0.000002
0.000002
0.000002
0.000002
0.000002
0.000002
0.000002
0.000002
0.000002
0.000002
0.000002
0.000002
0.000002
0.000002
0.000002
0.000002
0.000002
0.000002
0.000002
0.000002
0.000002
0.000002
0.000002
0.000002
0.000002
0.000002
0.000002
0.000002
0.000002
0.000002
0.000002
0.000002
0.000002
0.000002
0.000002
0.000002
0.000002
0.000002
0.000002
0.000002
0.000002
0.000002
0.000002
0.000002
0.000002
0.000002
0.000002
0.000002
0.000002
0.000002
0.000002
0.000002
0.000002
0.000002
0.000002
0.000002
0.000002
0.000002
0.000002
0.000002
0.000002
0.000002
0.000002
0.000002
0.000002
0.000002
0.000002
0.000002
0.000002
0.000002
0.000002
0.000002
0.000002
0.000002
0.000002
0.000002
0.000002
0.000002
0.000002
0.000002
0.000002
0.000002
0.000002
0.000002
0.000002
0.000002
0.000002
0.000002
0.000002
0.000002
0.000002
0.000002
0.000002
0.000002
0.000002
0.000002
0.000002
0.000002
0.000002
0.000002
0.000002
0.000002
0.000002
0.000002
0.000002
0.000002
0.000002
0.000002
0.000002
0.000002
0.000002
0.000002
0.000002
0.000002
0.000002
0.000002
0.000002
0.000002
0.000002
0.000002
0.000002
0.000002
0.000002
0.000002
0.000002
0.000002
0.000002
0.000002
0.000002
0.000002
0.000002
0.000002
0.000002
0.000002
0.000002
0.000002
0.000002
0.000001
0.000001
0.000000
-0.000000
-0.000000
-0.000001
-0.000001
-0.000001
-0.000002
-0.000002
-0.000002
-0.000002
-0.000002
0.000123
0.000279
0.000504
0.000763
0.001026
0.001266
0.001465
0.001613
0.001706
0.001746
0.001740
0.001699
0.001634
0.001557
0.001477
0.001405
0.001344
0.001299
0.001271
0.001259
0.001260
0.001271
0.001289
0.001309
0.001329
0.001345
0.001357
0.001363
0.001364
0.001359
0.001350
0.001337
0.001324
0.001309
0.001296
0.001284
0.001274
0.001268
0.001263
0.001262
0.001262
0.001265
0.001268
0.001273
0.001278
0.001283
0.001288
0.001293
0.001297
0.001301
0.001305
0.001308
0.001311
0.001314
0.001316
0.001319
0.001321
0.001323
0.001325
0.001327
0.001329
0.001331
0.001332
0.001333
0.001334
0.001334
0.001333
0.001333
0.001332
0.001331
0.001329
0.001328
0.001326
0.001324
0.001322
0.001320
0.001318
0.001316
0.001314
0.001313
0.001311
0.001310
0.001309
0.001308
0.001307
0.001306
0.001305
0.001305
0.001305
0.001305
0.001305
0.001305
0.001306
0.001306
0.001307
0.001308
0.001309
0.001309
0.001310
0.001311
0.001312
0.001313
0.001314
0.001315
0.001316
0.001316
0.001317
0.001318
0.001318
0.001318
0.001319
0.001319
0.001319
0.001319
0.001319
0.001319
0.001319
0.001319
0.001318
0.001317
0.001316
0.001315
0.001313
0.001311
0.001309
0.001307
0.001305
0.001303
0.001301
0.001299
0.001297
0.001295
0.001294
0.001292
0.001291
0.001290
0.001289
0.001288
0.001287
0.001286
0.001285
0.001284
0.001284
0.001283
0.001282
0.001281
0.001280
0.001280
0.001279
0.001278
0.001278
0.001277
0.001277
0.001276
0.001276
0.001275
0.001275
0.001274
0.001274
0.001273
0.001272
0.001272
0.001271
0.001271
0.001270
0.001270
0.001269
0.001269
0.001268
0.001268
0.001267
0.001267
0.001266
0.001266
0.001265
0.001265
0.001264
0.001264
0.001263
0.001263
0.001263
0.001262
0.001262
0.001262
0.001261
0.001261
0.001261
0.001261
0.001261
0.001260
0.001260
0.001260
0.001260
0.001260
0.001260
0.001260
0.001260
0.001260
0.001260
0.001260
0.001260
0.001260
0.001260
0.001260
0.001260
0.001260
0.001260
0.001260
0.001260
0.001260
0.001260
0.001260
0.001260
0.001260
0.001260
0.001260
0.001260
0.001260
0.001259
0.001259
0.001259
0.001259
0.001259
0.001259
0.001259
0.001259
0.001259
0.001259
0.001259
0.001259
0.001259
0.001259
0.001259
0.001259
0.001259
0.001259
0.001259
0.001259
0.001259
0.001259
0.001259
0.001259
0.001259
0.001259
0.001259
0.001259
0.001259
0.001259
0.001259
0.001259
0.001259
0.001259
0.001259
0.001258
0.001258
0.001258
0.001258
0.001258
0.001258
0.001258
0.001258
0.001258
0.001258
0.001257
0.001257
0.001257
0.001257
0.001257
0.001257
0.001256
0.001256
0.001256
0.001256
0.001256
0.001255
0.001255
0.001255
0.001255
0.001254
0.001254
0.001254
0.001253
0.001253
0.001253
0.001253
0.001252
0.001252
0.001252
0.001251
0.001251
0.001251
0.001250
0.001250
0.001249
0.001249
0.001249
0.001248
0.001248
0.001247
0.001247
0.001247
0.001246
0.001246
0.001245
0.001245
0.001244
0.001244
0.001243
0.001243
0.001242
0.001242
0.001241
0.001241
0.001240
0.001240
0.001239
0.001238
0.001238
0.001237
0.001237
0.001236
0.001236
0.001235
0.001234
0.001234
0.001233
0.001233
0.001232
0.001231
0.001231
0.001230
0.001230
0.001229
0.001228
0.001228
0.001227
0.001226
0.001226
0.001225
0.001225
0.001224
0.001223
0.001223
0.001222
0.001222
0.001221
0.001220
0.001220
0.001219
0.001219
0.001218
0.001218
0.001217
0.001216
0.001216
0.001215
0.001215
0.001214
0.001214
0.001213
0.001213
0.001212
0.001212
0.001211
0.001211
0.001210
0.001210
0.001209
0.001209
0.001209
0.001208
0.001208
0.001207
0.001207
0.001207
0.001206
0.001206
0.001206
0.001206
0.001205
0.001205
0.001205
0.001205
0.001204
0.001204
0.001204
0.001204
0.001204
0.001204
0.001204
0.001204
0.001204
0.001204
0.001204
0.001204
0.001204
0.001204
0.001204
0.001204
0.001204
0.001204
0.001204
0.001204
0.001204
0.001204
0.001204
0.001204
0.001204
0.001205
0.001205
0.001205
0.001205
0.001206
0.001206
0.001206
0.001207
0.001207
0.001207
0.001208
0.001208
0.001209
0.001209
0.001209
0.001210
0.001210
0.001211
0.001211
0.001212
0.001212
0.001213
0.001213
0.001214
0.001214
0.001215
0.001215
0.001216
0.001216
0.001217
0.001217
0.001218
0.001219
0.001219
0.001220
0.001220
0.001221
0.001221
0.001222
0.001223
0.001223
0.001224
0.001224
0.001225
0.001226
0.001226
0.001227
0.001228
0.001228
0.001229
0.001229
0.001230
0.001231
0.001231
0.001232
0.001232
0.001233
0.001234
0.001234
0.001235
0.001235
0.001236
0.001237
0.001237
0.001238
0.001238
0.001239
0.001239
0.001240
0.001240
0.001241
0.001242
0.001242
0.001243
0.001243
0.001244
0.001244
0.001245
0.001245
0.001245
0.001246
0.001246
0.001247
0.001247
0.001248
0.001248
0.001249
0.001249
0.001249
0.001250
0.001250
0.001250
0.001251
0.001251
0.001252
0.001252
0.001252
0.001253
0.001253
0.001253
0.001253
0.001254
0.001254
0.001254
0.001255
0.001255
0.001255
0.001255
0.001255
0.001256
0.001256
0.001256
0.001256
0.001256
0.001257
0.001257
0.001257
0.001257
0.001257
0.001257
0.001258
0.001258
0.001258
0.001258
0.001258
0.001258
0.001258
0.001258
0.001258
0.001259
0.001259
0.001259
0.001259
0.001259
0.001259
0.001259
0.001259
0.001259
0.001259
0.001259
0.001259
0.001259
0.001259
0.001259
0.001259
0.001259
0.001259
0.001259
0.001259
0.001259
0.001259
0.001259
0.001259
0.001259
0.001259
0.001259
0.001259
0.001259
0.001259
0.001259
0.001259
0.001259
0.001259
0.001259
0.001259
0.001259
0.001259
0.001259
0.001259
0.001259
0.001259
0.001259
0.001259
0.001259
0.001259
0.001260
0.001260
0.001260
0.001260
0.001260
0.001260
0.001260
0.001260
0.001260
0.001260
0.001260
0.001260
0.001260
0.001261
0.001261
0.001261
0.001261
0.001261
0.001261
0.001261
0.001262
0.001262
0.001262
0.001262
0.001262
0.001263
0.001263
0.001263
0.001264
0.001264
0.001264
0.001264
0.001265
0.001265
0.001266
0.001266
0.001266
0.001267
0.001267
0.001268
0.001268
0.001269
0.001269
0.001270
0.001270
0.001271
0.001271
0.001272
0.001272
0.001273
0.001274
0.001274
0.001275
0.001276
0.001277
0.001277
0.001278
0.001279
0.001280
0.001281
0.001281
0.001282
0.001283
0.001284
0.001285
0.001286
0.001287
0.001288
0.001289
0.001290
0.001291
0.001292
0.001293
0.001295
0.001296
0.001297
0.001298
0.001299
0.001301
0.001302
0.001303
0.001304
0.001306
0.001307
0.001308
0.001310
0.001311
0.001313
0.001314
0.001315
0.001316
0.001316
0.001317
0.001317
0.001316
0.001316
0.001316
0.001315
0.001315
0.001314
0.001314
0.001314
0.001314
0.001314
0.001314
0.001314
0.001314
0.001314
0.001314
0.001315
0.001315
0.001315
0.001315
0.001315
0.001315
0.001315
0.001315
0.001315
0.001314
0.001314
0.001314
0.001314
0.001314
0.001314
0.001314
0.001314
0.001314
0.001314
0.001314
0.001314
0.001314
0.001314
0.001314
0.001314
0.001314
0.001314
0.001314
0.001314
0.001314
0.001314
0.001314
0.001314
0.001314
0.001314
0.001314
0.001314
0.001314
0.001314
0.001314
0.001314
0.001314
0.001314
0.001314
0.001314
0.001314
0.001314
0.001314
0.001314
0.001314
0.001314
0.001314
0.001314
0.001314
0.001314
0.001314
0.001314
0.001314
0.001314
0.001314
0.001314
0.001314
0.001314
0.001314
0.001314
0.001314
0.001314
0.001314
0.001314
0.001314
0.001314
0.001314
0.001314
0.001314
0.001314
0.001314
0.001314
0.001314
0.001314
0.001314
0.001314
0.001314
0.001314
0.001314
0.001314
0.001314
0.001314
0.001314
0.001314
0.001310
0.001286
0.001244
0.001183
0.001103
0.001002
0.000881
0.000761
0.000652
0.000560
0.000492
0.000451
0.000438
0.000453
0.000493
0.000554
0.000634
0.000726
0.000826
0.000931
0.001035
0.001137
0.001233
0.001323
0.001405
0.001479
0.001545
0.001603
0.001652
0.001695
0.001730
0.001758
0.001779
0.001794
0.001802
0.001804
0.001799
0.001788
0.001771
0.001748
0.001721
0.001688
0.001652
0.001613
0.001572
0.001529
0.001486
0.001444
0.001402
0.001363
0.001326
0.001292
0.001261
0.001235
0.001212
0.001194
0.001180
0.001170
0.001165
0.001163
0.001166
0.001171
0.001180
0.001192
0.001207
0.001223
0.001241
0.001261
0.001281
0.001302
0.001323
0.001344
0.001364
0.001384
0.001402
0.001419
0.001434
0.001448
0.001459
0.001469
0.001477
0.001482
0.001486
0.001487
0.001487
0.001485
0.001481
0.001476
0.001469
0.001461
0.001453
0.001443
0.001433
0.001423
0.001413
0.001402
0.001392
0.001382
0.001373
0.001364
0.001356
0.001349
0.001343
0.001338
0.001334
0.001331
0.001329
0.001328
0.001328
0.001328
0.001330
0.001332
0.001336
0.001339
0.001343
0.001348
0.001353
0.001358
0.001363
0.001368
0.001373
0.001378
0.001383
0.001387
0.001391
0.001395
0.001398
0.001401
0.001403
0.001405
0.001406
0.001406
0.001407
0.001406
0.001405
0.001404
0.001401
0.001398
0.001395
0.001391
0.001387
0.001383
0.001378
0.001374
0.001370
0.001366
0.001362
0.001359
0.001355
0.001352
0.001350
0.001347
0.001345
0.001343
0.001341
0.001340
0.001339
0.001338
0.001337
0.001336
0.001336
0.001335
0.001335
0.001335
0.001336
0.001336
0.001336
0.001337
0.001337
0.001338
0.001338
0.001339
0.001339
0.001339
0.001340
0.001340
0.001340
0.001340
0.001340
0.001340
0.001339
0.001339
0.001338
0.001338
0.001337
0.001336
0.001335
0.001335
0.001334
0.001333
0.001332
0.001331
0.001330
0.001329
0.001328
0.001327
0.001326
0.001325
0.001325
0.001324
0.001323
0.001323
0.001322
0.001322
0.001322
0.001321
0.001321
0.001321
0.001321
0.001321
0.001321
0.001321
0.001321
0.001321
0.001322
0.001322
0.001322
0.001322
0.001323
0.001323
0.001323
0.001323
0.001324
0.001324
0.001324
0.001324
0.001324
0.001324
0.001324
0.001325
0.001325
0.001325
0.001325
0.001325
0.001324
0.001324
0.001324
0.001324
0.001324
0.001324
0.001324
0.001324
0.001323
0.001323
0.001323
0.001323
0.001323
0.001323
0.001323
0.001322
0.001322
0.001322
0.001322
0.001322
0.001322
0.001322
0.001322
0.001322
0.001322
0.001322
0.001322
0.001322
0.001322
0.001322
0.001322
0.001322
0.001322
0.001322
0.001322
0.001322
0.001322
0.001322
0.001322
0.001322
0.001322
0.001322
0.001322
0.001322
0.001321
0.001321
0.001321
0.001321
0.001321
0.001321
0.001320
0.001320
0.001320
0.001320
0.001319
0.001319
0.001319
0.001319
0.001318
0.001318
0.001318
0.001317
0.001317
0.001317
0.001316
0.001316
0.001316
0.001315
0.001315
0.001315
0.001314
0.001314
0.001314
0.001313
0.001313
0.001313
0.001312
0.001312
0.001311
0.001311
0.001310
0.001310
0.001310
0.001309
0.001309
0.001308
0.001308
0.001307
0.001307
0.001306
0.001306
0.001305
0.001305
0.001304
0.001304
0.001303
0.001303
0.001302
0.001301
0.001301
0.001300
0.001300
0.001299
0.001299
0.001298
0.001297
0.001297
0.001296
0.001295
0.001295
0.001294
0.001294
0.001293
0.001292
0.001292
0.001291
0.001290
0.001290
0.001289
0.001288
0.001288
0.001287
0.001287
0.001286
0.001285
0.001285
0.001284
0.001283
0.001283
0.001282
0.001282
0.001281
0.001280
0.001280
0.001279
0.001279
0.001278
0.001278
0.001277
0.001276
0.001276
0.001275
0.001275
0.001274
0.001274
0.001273
0.001273
0.001272
0.001272
0.001272
0.001271
0.001271
0.001270
0.001270
0.001270
0.001269
0.001269
0.001268
0.001268
0.001268
0.001268
0.001267
0.001267
0.001267
0.001267
0.001266
0.001266
0.001266
0.001266
0.001266
0.001266
0.001265
0.001265
0.001265
0.001265
0.001265
0.001265
0.001265
0.001265
0.001265
0.001265
0.001265
0.001265
0.001266
0.001266
0.001266
0.001266
0.001266
0.001266
0.001267
0.001267
0.001267
0.001267
0.001267
0.001268
0.001268
0.001268
0.001269
0.001269
0.001269
0.001270
0.001270
0.001271
0.001271
0.001271
0.001272
0.001272
0.001273
0.001273
0.001274
0.001274
0.001275
0.001275
0.001276
0.001276
0.001277
0.001277
0.001278
0.001279
0.001279
0.001280
0.001280
0.001281
0.001281
0.001282
0.001283
0.001283
0.001284
0.001285
0.001285
0.001286
0.001286
0.001287
0.001288
0.001288
0.001289
0.001290
0.001290
0.001291
0.001291
