-0.509295
0.000011
0.000009
0.000008
0.000025
0.000004
0.000003
0.000003
0.000009
0.000001
0.000005
0.000001
0.000002
0.000001
0.000001
0.000001
0.000001
0.000001
0.000001
0.000001
0.000001
0.000001
0.000001
0.000000
0.000000
0.000000
0.000000
0.000000
0.000000
0.000000
0.000000
0.000000
0.000000
0.000000
0.000000
0.000000
0.000000
0.000000
0.000000
0.000000
0.000000
0.000000
0.000000
0.000000
0.000000
0.000000
0.000000
0.000000
0.000000
0.000000
0.000000
0.000000
0.000000
0.000000
0.000000
0.000000
0.000000
0.000000
0.000000
0.000000
0.000000
0.000000
0.000000
0.000000
0.000000
0.000000
0.000000
0.000000
0.000000
0.000000
0.000000
0.000000
0.000000
0.000000
0.000000
0.000000
0.000000
0.000000
0.000000
0.000000
0.000000
0.000000
0.000000
0.000000
0.000000
0.000000
0.000000
0.000000
0.000000
0.000000
0.000000
0.000000
0.000000
0.000000
0.000000
0.000000
0.000000
0.000000
0.000000
0.000000
0.000000
0.000000
0.000000
0.000000
0.000000
0.000000
0.000000
0.000000
0.000000
0.000000
0.000000
0.000000
0.000000
0.000000
0.000000
0.000000
0.000000
0.000000
0.000000
0.000000
0.000000
0.000000
0.000000
0.000000
0.000000
0.000000
0.000000
0.000000
0.000000
0.000000
0.000000
0.000000
0.000000
0.000000
0.000000
0.000000
0.000000
0.000000
0.000000
0.000000
0.000000
0.000000
0.000000
0.000000
0.000000
0.000000
0.000000
0.000000
0.000000
0.000000
0.000000
0.000000
0.000000
0.000000
0.000000
0.000000
0.000000
0.000000
0.000000
0.000000
0.000000
0.000000
0.000000
0.000000
0.000000
0.000000
0.000000
0.000000
0.000000
0.000000
0.000000
0.000000
0.000000
0.000000
0.000000
0.000000
0.000000
0.000000
0.000000
0.000000
0.000000
0.000000
0.000000
0.000000
0.000000
0.000000
0.000000
0.000000
0.000000
0.000000
0.000000
0.000000
0.000000
0.000000
0.000000
0.000000
0.000000
0.000000
0.000000
0.000000
0.000000
0.000000
0.000000
0.000000
0.000000
0.000000
0.000000
0.000000
0.000000
0.000000
0.000000
0.000000
0.000000
0.000000
0.000000
0.000000
0.000000
0.000000
0.000000
0.000000
0.000000
0.000000
0.000000
0.000000
0.000000
0.000000
0.000000
0.000000
0.000000
0.000000
0.000000
-0.000019
-0.000144
-0.000282
-0.000407
-0.000532
-0.000656
-0.000777
-0.000891
-0.000996
-0.001087
-0.001161
-0.001204
-0.001041
-0.000886
0.011761
0.014923
0.021973
0.025559
0.025994
0.023862
0.019889
0.014835
0.009417
0.004247
-0.000215
-0.003667
-0.005974
-0.007140
-0.007286
-0.006609
-0.005352
-0.003768
-0.002090
-0.000516
0.000807
0.001787
0.002386
0.002613
0.002513
0.002154
0.001620
0.000995
0.000357
-0.000231
-0.000719
-0.001081
-0.001304
-0.001392
-0.001362
-0.001237
-0.001045
-0.000814
-0.000571
-0.000338
-0.000131
0.000039
0.000169
0.000258
0.000310
0.000333
0.000333
0.000320
0.000301
0.000283
0.000269
0.000263
0.000265
0.000275
0.000290
0.000309
0.000329
0.000346
0.000360
0.000366
0.000366
0.000358
0.000342
0.000320
0.000292
0.000259
0.000224
0.000188
0.000153
0.000118
0.000086
0.000058
0.000032
0.000010
-0.000008
-0.000022
-0.000033
-0.000041
-0.000046
-0.000049
-0.000049
-0.000047
-0.000043
-0.000038
-0.000031
-0.000022
-0.000012
-0.000001
0.000012
0.000025
0.000038
0.000052
0.000066
0.000080
0.000094
0.000107
0.000119
0.000130
0.000140
0.000148
0.000155
0.000161
0.000165
0.000168
0.000170
0.000170
0.000168
0.000166
0.000163
0.000158
0.000153
0.000147
0.000141
0.000134
0.000127
0.000120
0.000113
0.000106
0.000086
0.000056
0.000022
-0.000013
-0.000046
-0.000074
-0.000095
-0.000108
-0.000114
-0.000114
-0.000109
-0.000099
-0.000087
-0.000074
-0.000062
-0.000050
-0.000039
-0.000031
-0.000024
-0.000019
-0.000015
-0.000013
-0.000010
-0.000008
-0.000006
-0.000003
-0.000000
0.000003
0.000007
0.000012
0.000016
0.000021
0.000026
0.000030
0.000034
0.000037
0.000040
0.000042
0.000044
0.000045
0.000046
0.000047
0.000047
0.000047
0.000047
0.000047
0.000047
0.000047
0.000047
0.000047
0.000047
0.000047
0.000047
0.000048
0.000048
0.000049
0.000050
0.000051
0.000052
0.000053
0.000054
0.000055
0.000056
0.000058
0.000059
0.000061
0.000063
0.000065
0.000066
0.000068
0.000070
0.000072
0.000074
0.000076
0.000077
0.000079
0.000081
0.000082
0.000084
0.000085
0.000086
0.000087
0.000088
0.000089
0.000090
0.000091
0.000091
0.000092
0.000092
0.000092
0.000092
0.000093
0.000093
0.000093
0.000093
0.000092
0.000092
0.000092
0.000092
0.000092
0.000091
0.000091
0.000091
0.000091
0.000091
0.000090
0.000090
0.000090
0.000090
0.000090
0.000090
0.000090
0.000089
0.000089
0.000089
0.000089
0.000089
0.000089
0.000089
0.000089
0.000089
0.000089
0.000089
0.000089
0.000089
0.000088
0.000088
0.000088
0.000088
0.000087
0.000087
0.000087
0.000086
0.000086
0.000085
0.000085
0.000084
0.000083
0.000083
0.000082
0.000081
0.000081
0.000080
0.000079
0.000078
0.000078
0.000077
0.000076
0.000075
0.000074
0.000074
0.000073
0.000072
0.000071
0.000070
0.000069
0.000068
0.000067
0.000067
0.000066
0.000065
0.000064
0.000063
0.000062
0.000062
0.000061
0.000060
0.000059
0.000058
0.000057
0.000057
0.000056
0.000055
0.000054
0.000053
0.000052
0.000052
0.000051
0.000050
0.000049
0.000048
0.000048
0.000047
0.000046
0.000045
0.000044
0.000043
0.000043
0.000042
0.000041
0.000040
0.000040
0.000039
0.000038
0.000037
0.000037
0.000036
0.000035
0.000035
0.000034
0.000033
0.000033
0.000032
0.000032
0.000031
0.000031
0.000030
0.000030
0.000029
0.000029
0.000029
0.000028
0.000028
0.000028
0.000028
0.000028
0.000027
0.000027
0.000027
0.000027
0.000027
0.000027
0.000028
0.000028
0.000028
0.000028
0.000028
0.000029
0.000029
0.000029
0.000030
0.000030
0.000031
0.000031
0.000032
0.000032
0.000033
0.000034
0.000034
0.000035
0.000036
0.000037
0.000037
0.000038
0.000039
0.000040
0.000041
0.000042
0.000043
0.000045
0.000046
0.000047
0.000048
0.000049
0.000051
0.000052
0.000053
0.000055
0.000056
0.000058
0.000059
0.000061
0.000062
0.000064
0.000065
0.000067
0.000068
0.000071
0.000074
0.000078
0.000083
0.000086
0.000089
0.000092
0.000093
0.000094
0.000094
0.000093
0.000092
0.000090
0.000089
0.000088
0.000087
0.000086
0.000085
0.000085
0.000086
0.000089
0.000093
0.000098
0.000103
0.000107
0.000112
0.000116
0.000119
0.000121
0.000123
0.000124
0.000125
0.000125
0.000126
0.000126
0.000126
0.000127
0.000127
0.000128
0.000129
0.000130
0.000132
0.000133
0.000134
0.000136
0.000137
0.000139
0.000140
0.000141
0.000142
0.000143
0.000143
0.000144
0.000144
0.000145
0.000145
0.000146
0.000146
0.000147
0.000147
0.000148
0.000148
0.000148
0.000149
0.000149
0.000149
0.000150
0.000150
0.000150
0.000150
0.000150
0.000150
0.000150
0.000150
0.000150
0.000150
0.000149
0.000149
0.000149
0.000149
0.000148
0.000148
0.000148
0.000147
0.000147
0.000147
0.000146
0.000146
0.000145
0.000145
0.000144
0.000144
0.000143
0.000142
0.000142
0.000141
0.000141
0.000140
0.000139
0.000138
0.000138
0.000137
0.000136
0.000136
0.000135
0.000134
0.000133
0.000132
0.000132
0.000131
0.000130
0.000129
0.000128
0.000128
0.000127
0.000126
0.000125
0.000124
0.000123
0.000123
0.000122
0.000121
0.000120
0.000119
0.000118
0.000118
0.000117
0.000116
0.000115
0.000114
0.000114
0.000113
0.000112
0.000111
0.000111
0.000110
0.000109
0.000108
0.000108
0.000107
0.000106
0.000105
0.000105
0.000104
0.000103
0.000103
0.000102
0.000101
0.000101
0.000100
0.000100
0.000099
0.000099
0.000098
0.000097
0.000097
0.000096
0.000096
0.000095
0.000095
0.000095
0.000094
0.000094
0.000093
0.000093
0.000093
0.000092
0.000092
0.000092
0.000092
0.000091
0.000091
0.000091
0.000091
0.000090
0.000090
0.000090
0.000090
0.000090
0.000090
0.000090
0.000090
0.000090
0.000090
0.000090
0.000090
0.000090
0.000090
0.000091
0.000091
0.000091
0.000091
0.000091
0.000092
0.000092
0.000092
0.000093
0.000093
0.000094
0.000094
0.000095
0.000095
0.000096
0.000096
0.000097
0.000097
0.000098
0.000099
0.000100
0.000100
0.000101
0.000102
0.000103
0.000104
0.000105
0.000106
0.000107
0.000108
0.000109
0.000110
0.000111
0.000112
0.000113
0.000114
0.000116
0.000117
0.000118
0.000120
0.000121
0.000123
0.000124
0.000126
0.000127
0.000129
0.000130
0.000132
0.000134
0.000135
0.000137
0.000139
0.000141
0.000142
0.000144
0.000146
0.000148
0.000150
0.000152
0.000154
0.000156
0.000158
0.000160
0.000162
0.000164
0.000166
0.000169
0.000171
0.000173
0.000175
0.000177
0.000180
0.000182
0.000184
0.000186
0.000188
0.000191
0.000193
0.000195
0.000197
0.000200
0.000202
0.000204
0.000206
0.000208
0.000210
0.000212
0.000214
0.000216
0.000218
0.000220
0.000222
0.000224
0.000226
0.000228
0.000229
0.000231
0.000233
0.000224
0.000204
0.000177
0.000147
0.000118
0.000092
0.000072
0.000058
0.000050
0.000048
0.000052
0.000058
0.000067
0.000077
0.000086
0.000095
0.000101
0.000106
0.000108
0.000108
0.000107
0.000105
0.000102
0.000098
0.000095
0.000092
0.000090
0.000089
0.000088
0.000088
0.000088
0.000089
0.000090
0.000091
0.000092
0.000093
0.000094
0.000094
0.000095
0.000095
0.000095
0.000094
0.000094
0.000094
0.000094
0.000093
0.000093
0.000093
0.000093
0.000093
0.000093
0.000093
0.000093
0.000093
0.000093
0.000093
0.000093
0.000094
0.000093
0.000093
0.000093
0.000093
0.000093
0.000093
0.000093
0.000093
0.000093
0.000093
0.000093
0.000093
0.000093
0.000093
0.000093
0.000093
0.000093
0.000093
0.000093
0.000093
0.000093
0.000093
0.000093
0.000093
0.000093
0.000093
0.000093
0.000093
0.000093
0.000093
0.000093
0.000093
0.000093
0.000093
0.000093
0.000093
0.000093
0.000093
0.000093
0.000093
0.000093
0.000093
0.000093
0.000093
0.000093
0.000093
0.000093
0.000093
0.000093
0.000093
0.000093
0.000093
-0.001082
0.001677
0.004506
0.006974
0.009016
0.010561
0.011543
0.014094
0.016899
0.019823
0.022694
0.025325
0.027534
0.029165
0.030101
0.030274
0.029664
0.028296
0.026238
0.023587
0.020462
0.016992
0.013307
0.009532
0.005777
0.002137
-0.001314
-0.004516
-0.007432
-0.010035
-0.012315
-0.014267
-0.015895
-0.017207
-0.018213
-0.018924
-0.019353
-0.019511
-0.019410
-0.019065
-0.018490
-0.017703
-0.016722
-0.015569
-0.014270
-0.012849
-0.011335
-0.009759
-0.008149
-0.006535
-0.004947
-0.003412
-0.001954
-0.000595
0.000644
0.001749
0.002707
0.003510
0.004153
0.004632
0.004950
0.005111
0.005121
0.004989
0.004725
0.004342
0.003854
0.003274
0.002619
0.001903
0.001142
0.000352
-0.000453
-0.001258
-0.002049
-0.002814
-0.003542
-0.004221
-0.004844
-0.005404
-0.005893
-0.006308
-0.006647
-0.006907
-0.007089
-0.007194
-0.007225
-0.007185
-0.007078
-0.006912
-0.006691
-0.006422
-0.006113
-0.005772
-0.005405
-0.005020
-0.004625
-0.004228
-0.003834
-0.003451
-0.003084
-0.002739
-0.002420
-0.002131
-0.001876
-0.001657
-0.001476
-0.001333
-0.001229
-0.001164
-0.001136
-0.001144
-0.001185
-0.001258
-0.001359
-0.001485
-0.001632
-0.001796
-0.001975
-0.002163
-0.002358
-0.002555
-0.002751
-0.002943
-0.003127
-0.003302
-0.003464
-0.003612
-0.003744
-0.003858
-0.003954
-0.004031
-0.004088
-0.004140
-0.004182
-0.004212
-0.004227
-0.004223
-0.004201
-0.004160
-0.004101
-0.004026
-0.003937
-0.003838
-0.003732
-0.003621
-0.003510
-0.003400
-0.003295
-0.003195
-0.003103
-0.003020
-0.002946
-0.002881
-0.002826
-0.002781
-0.002746
-0.002719
-0.002701
-0.002692
-0.002691
-0.002697
-0.002710
-0.002729
-0.002754
-0.002785
-0.002819
-0.002857
-0.002897
-0.002940
-0.002984
-0.003027
-0.003071
-0.003113
-0.003153
-0.003190
-0.003224
-0.003254
-0.003280
-0.003302
-0.003320
-0.003332
-0.003340
-0.003344
-0.003343
-0.003338
-0.003330
-0.003317
-0.003302
-0.003284
-0.003263
-0.003240
-0.003216
-0.003191
-0.003166
-0.003140
-0.003114
-0.003089
-0.003065
-0.003042
-0.003020
-0.003000
-0.002983
-0.002967
-0.002953
-0.002942
-0.002934
-0.002927
-0.002923
-0.002921
-0.002922
-0.002924
-0.002928
-0.002934
-0.002941
-0.002949
-0.002959
-0.002969
-0.002980
-0.002991
-0.003003
-0.003014
-0.003025
-0.003036
-0.003046
-0.003055
-0.003064
-0.003071
-0.003078
-0.003083
-0.003088
-0.003091
-0.003093
-0.003094
-0.003094
-0.003093
-0.003091
-0.003089
-0.003085
-0.003081
-0.003076
-0.003071
-0.003065
-0.003060
-0.003054
-0.003048
-0.003042
-0.003036
-0.003031
-0.003026
-0.003021
-0.003017
-0.003013
-0.003010
-0.003008
-0.003006
-0.003004
-0.003003
-0.003003
-0.003004
-0.003004
-0.003006
-0.003008
-0.003010
-0.003012
-0.003015
-0.003018
-0.003022
-0.003025
-0.003028
-0.003032
-0.003035
-0.003039
-0.003042
-0.003045
-0.003048
-0.003050
-0.003053
-0.003055
-0.003057
-0.003058
-0.003059
-0.003060
-0.003061
-0.003061
-0.003061
-0.003061
-0.003061
-0.003060
-0.003060
-0.003059
-0.003058
-0.003057
-0.003056
-0.003054
-0.003053
-0.003052
-0.003051
-0.003050
-0.003049
-0.003048
-0.003047
-0.003046
-0.003045
-0.003045
-0.003044
-0.003044
-0.003044
-0.003044
-0.003044
-0.003044
-0.003045
-0.003045
-0.003045
-0.003046
-0.003046
-0.003047
-0.003048
-0.003048
-0.003049
-0.003049
-0.003050
-0.003050
-0.003051
-0.003051
-0.003051
-0.003051
-0.003051
-0.003051
-0.003051
-0.003051
-0.003051
-0.003050
-0.003050
-0.003049
-0.003048
-0.003047
-0.003046
-0.003045
-0.003044
-0.003043
-0.003042
-0.003040
-0.003039
-0.003037
-0.003036
-0.003034
-0.003033
-0.003031
-0.003030
-0.003028
-0.003027
-0.003025
-0.003023
-0.003022
-0.003020
-0.003019
-0.003017
-0.003015
-0.003014
-0.003012
-0.003010
-0.003009
-0.003007
-0.003006
-0.003004
-0.003002
-0.003001
-0.002999
-0.002997
-0.002995
-0.002994
-0.002992
-0.002990
-0.002988
-0.002986
-0.002984
-0.002982
-0.002980
-0.002978
-0.002976
-0.002974
-0.002972
-0.002969
-0.002967
-0.002965
-0.002963
-0.002960
-0.002958
-0.002956
-0.002953
-0.002951
-0.002949
-0.002947
-0.002944
-0.002942
-0.002940
-0.002937
-0.002935
-0.002933
-0.002931
-0.002928
-0.002926
-0.002924
-0.002922
-0.002920
-0.002918
-0.002916
-0.002914
-0.002912
-0.002910
-0.002908
-0.002907
-0.002905
-0.002903
-0.002901
-0.002900
-0.002898
-0.002897
-0.002895
-0.002894
-0.002893
-0.002891
-0.002890
-0.002889
-0.002888
-0.002887
-0.002886
-0.002885
-0.002884
-0.002883
-0.002882
-0.002882
-0.002881
-0.002880
-0.002880
-0.002879
-0.002879
-0.002878
-0.002878
-0.002878
-0.002877
-0.002877
-0.002877
-0.002877
-0.002877
-0.002877
-0.002877
-0.002877
-0.002878
-0.002878
-0.002878
-0.002879
-0.002879
-0.002880
-0.002881
-0.002881
-0.002882
-0.002883
-0.002884
-0.002884
-0.002885
-0.002886
-0.002887
-0.002889
-0.002890
-0.002891
-0.002892
-0.002893
-0.002895
-0.002896
-0.002897
-0.002899
-0.002900
