2.400866
-0.001831
-0.003218
-0.004921
-0.004353
-0.004126
-0.004248
-0.004725
-0.004591
-0.004817
-0.004770
-0.004782
-0.004793
-0.004801
-0.004808
-0.004814
-0.004818
-0.004822
-0.004824
-0.004827
-0.004828
-0.004830
-0.004831
-0.004832
-0.004833
-0.004833
-0.004834
-0.004834
-0.004834
-0.004835
-0.004835
-0.004835
-0.004835
-0.004835
-0.004835
-0.004835
-0.004835
-0.004835
-0.004835
-0.004835
-0.004835
-0.004835
-0.004835
-0.004835
-0.004835
-0.004835
-0.004835
-0.004835
-0.004835
-0.004835
-0.004835
-0.004835
-0.004835
-0.004835
-0.004835
-0.004835
-0.004835
-0.004835
-0.004835
-0.004835
-0.004835
-0.004835
-0.004835
-0.004835
-0.004835
-0.004835
-0.004835
-0.004835
-0.004835
-0.004835
-0.004835
-0.004835
-0.004835
-0.004835
-0.004835
-0.004835
-0.004835
-0.004835
-0.004835
-0.004835
-0.004835
-0.004835
-0.004835
-0.004835
-0.004835
-0.004835
-0.004834
-0.004834
-0.004834
-0.004834
-0.004834
-0.004834
-0.004834
-0.004834
-0.004834
-0.004834
-0.004834
-0.004834
-0.004834
-0.004834
-0.004834
-0.004834
-0.004834
-0.004834
-0.004834
-0.004834
-0.004834
-0.004834
-0.004834
-0.004834
-0.004834
-0.004834
-0.004834
-0.004834
-0.004834
-0.004834
-0.004833
-0.004833
-0.004833
-0.004833
-0.004833
-0.004833
-0.004833
-0.004833
-0.004833
-0.004833
-0.004833
-0.004833
-0.004833
-0.004833
-0.004833
-0.004833
-0.004833
-0.004833
-0.004833
-0.004833
-0.004833
-0.004833
-0.004833
-0.004833
-0.004832
-0.004832
-0.004832
-0.004832
-0.004832
-0.004832
-0.004832
-0.004832
-0.004832
-0.004832
-0.004832
-0.004832
-0.004832
-0.004832
-0.004832
-0.004832
-0.004832
-0.004832
-0.004832
-0.004832
-0.004832
-0.004831
-0.004831
-0.004831
-0.004831
-0.004831
-0.004831
-0.004831
-0.004831
-0.004831
-0.004831
-0.004831
-0.004831
-0.004831
-0.004831
-0.004831
-0.004831
-0.004831
-0.004831
-0.004830
-0.004830
-0.004830
-0.004830
-0.004830
-0.004830
-0.004830
-0.004830
-0.004830
-0.004830
-0.004830
-0.004830
-0.004830
-0.004830
-0.004830
-0.004830
-0.004830
-0.004829
-0.004829
-0.004829
-0.004829
-0.004829
-0.004829
-0.004829
-0.004829
-0.004829
-0.004829
-0.004829
-0.004829
-0.004829
-0.004829
-0.004829
-0.004828
-0.004828
-0.004828
-0.004828
-0.004828
-0.004828
-0.004828
-0.004828
-0.004828
-0.004828
-0.004828
-0.004828
-0.004828
-0.004835
-0.004859
-0.004909
-0.004993
-0.005120
-0.005300
-0.005541
-0.005846
-0.006213
-0.006639
-0.007123
-0.007659
-0.008246
-0.008879
-0.009555
-0.010270
-0.011020
-0.011801
-0.012609
-0.013443
-0.014302
-0.015187
-0.016097
-0.017031
-0.017988
-0.018966
-0.019962
-0.020972
-0.021994
-0.023025
-0.024060
-0.025097
-0.026131
-0.027159
-0.028179
-0.029187
-0.030180
-0.031157
-0.032116
-0.033055
-0.033973
-0.034869
-0.035744
-0.036596
-0.037427
-0.038237
-0.039027
-0.039797
-0.040549
-0.041284
-0.042004
-0.042709
-0.043402
-0.044083
-0.044755
-0.045418
-0.046074
-0.046725
-0.047371
-0.048015
-0.048656
-0.049296
-0.049936
-0.050577
-0.051219
-0.051863
-0.052509
-0.053157
-0.053808
-0.054461
-0.055116
-0.055773
-0.056431
-0.057091
-0.057751
-0.058410
-0.059068
-0.059725
-0.060379
-0.061029
-0.061675
-0.062316
-0.062952
-0.063581
-0.064203
-0.064818
-0.065425
-0.066023
-0.066612
-0.067192
-0.067763
-0.068325
-0.068878
-0.069421
-0.069955
-0.070480
-0.070996
-0.071504
-0.072003
-0.072495
-0.072978
-0.073455
-0.073925
-0.074389
-0.074846
-0.075298
-0.075744
-0.076186
-0.076622
-0.077054
-0.077482
-0.077906
-0.078326
-0.078743
-0.079155
-0.079565
-0.079971
-0.080373
-0.080772
-0.081167
-0.081559
-0.081947
-0.082331
-0.082711
-0.083087
-0.083458
-0.083825
-0.084187
-0.084544
-0.084895
-0.085242
-0.085583
-0.085918
-0.086248
-0.086571
-0.086889
-0.087200
-0.087505
-0.087804
-0.088097
-0.088383
-0.088663
-0.088937
-0.089204
-0.089466
-0.089721
-0.089971
-0.090214
-0.090451
-0.090683
-0.090909
-0.091130
-0.091345
-0.091555
-0.091760
-0.091960
-0.092154
-0.092344
-0.092528
-0.092708
-0.092883
-0.093054
-0.093220
-0.093381
-0.093537
-0.093689
-0.093837
-0.093980
-0.094118
-0.094252
-0.094381
-0.094506
-0.094626
-0.094741
-0.094852
-0.094957
-0.095059
-0.095155
-0.095247
-0.095333
-0.095415
-0.095492
-0.095564
-0.095631
-0.095693
-0.095750
-0.095802
-0.095849
-0.095891
-0.095928
-0.095960
-0.095987
-0.096009
-0.096026
-0.096038
-0.096045
-0.096047
-0.096045
-0.096037
-0.096024
-0.096007
-0.095985
-0.095958
-0.095926
-0.095889
-0.095848
-0.095802
-0.095751
-0.095695
-0.095635
-0.095570
-0.095501
-0.095427
-0.095348
-0.095265
-0.095177
-0.095084
-0.094987
-0.094885
-0.094779
-0.094668
-0.094552
-0.094432
-0.094307
-0.094177
-0.094043
-0.093904
-0.093760
-0.093611
-0.093458
-0.093300
-0.093138
-0.092971
-0.092798
-0.092622
-0.092440
-0.092254
-0.092063
-0.091867
-0.091666
-0.091461
-0.091251
-0.091036
-0.090817
-0.090592
-0.090363
-0.090129
-0.089891
-0.089647
-0.089399
-0.089147
-0.088889
-0.088627
-0.088360
-0.088088
-0.087812
-0.087531
-0.087245
-0.086955
-0.086660
-0.086360
-0.086056
-0.085746
-0.085433
-0.085114
-0.084791
-0.084463
-0.084131
-0.083794
-0.083452
-0.083105
-0.082754
-0.082398
-0.082038
-0.081672
-0.081303
-0.080928
-0.080549
-0.080165
-0.079776
-0.079383
-0.078985
-0.078582
-0.078175
-0.077763
-0.077346
-0.076925
-0.076499
-0.076068
-0.075633
-0.075193
-0.074748
-0.074299
-0.073844
-0.073386
-0.072922
-0.072454
-0.071981
-0.071504
-0.071022
-0.070535
-0.070044
-0.069548
-0.069048
-0.068543
-0.068033
-0.067518
-0.066999
-0.066476
-0.065948
-0.065415
-0.064878
-0.064336
-0.063789
-0.063238
-0.062682
-0.062122
-0.061557
-0.060988
-0.060414
-0.059836
-0.059253
-0.058665
-0.058073
-0.057477
-0.056876
-0.056270
-0.055660
-0.055045
-0.054426
-0.053803
-0.053174
-0.052542
-0.051905
-0.051263
-0.050617
-0.049967
-0.049312
-0.048652
-0.047989
-0.047320
-0.046648
-0.045971
-0.045289
-0.044603
-0.043913
-0.043218
-0.042519
-0.041815
-0.041107
-0.040395
-0.039679
-0.038958
-0.038232
-0.037503
-0.036769
-0.036030
-0.035288
-0.034541
-0.033789
-0.033034
-0.032274
-0.031510
-0.030741
-0.029969
-0.029192
-0.028410
-0.027625
-0.026835
-0.026041
-0.025243
-0.024441
-0.023634
-0.022823
-0.022008
-0.021189
-0.020365
-0.019538
-0.018706
-0.017870
-0.017029
-0.016185
-0.015336
-0.014484
-0.013627
-0.012766
-0.011901
-0.011031
-0.010158
-0.009280
-0.008399
-0.007513
-0.006623
-0.005729
-0.004831
-0.003928
-0.003022
-0.002111
-0.001197
-0.000278
0.000645
0.001571
0.002502
0.003437
0.004376
0.005320
0.006267
0.007218
0.008174
0.009133
0.010097
0.011064
0.012036
0.013012
0.013992
0.014976
0.015964
0.016956
0.017952
0.018952
0.019956
0.020965
0.021977
0.022993
0.024014
0.025039
0.026067
0.027100
0.028137
0.029178
0.030223
0.031272
0.032325
0.033382
0.034444
0.035509
0.036579
0.037652
0.038730
0.039812
0.040898
0.041988
0.043082
0.044180
0.045283
0.046389
0.047500
0.048615
0.049734
0.050857
0.051984
0.053115
0.054251
0.055391
0.056534
0.057682
0.058835
0.059991
0.061152
0.062317
0.063486
0.064659
0.065836
0.067018
0.068204
0.069394
0.070588
0.071787
0.072990
0.074197
0.075408
0.076624
0.077844
0.079068
0.080296
0.081529
0.082766
0.084007
0.085253
0.086503
0.087757
0.089016
0.090279
0.091546
0.092818
0.094094
0.095374
0.096659
0.097948
0.099242
0.100540
0.101842
0.103148
0.104460
0.105775
0.107095
0.108419
0.109748
0.111081
0.112419
0.113761
0.115107
0.116458
0.117813
0.119173
0.120538
0.121906
0.123280
0.124657
0.126040
0.127426
0.128817
0.130213
0.131613
0.133018
0.134427
0.135841
0.137259
0.138682
0.140109
0.141541
0.142978
0.144419
0.145864
0.147314
0.148769
0.150228
0.151691
0.153159
0.154632
0.156110
0.157591
0.159078
0.160569
0.162065
0.163565
0.165070
0.166579
0.168093
0.169611
0.171134
0.172662
0.174194
0.175731
0.177273
0.178819
0.180370
0.181925
0.183485
0.185049
0.186618
0.188192
0.189770
0.191353
0.192940
0.194533
0.196129
0.197731
0.199336
0.200947
0.202562
0.204182
0.205806
0.207435
0.209069
0.210707
0.212350
0.213997
0.215649
0.217306
0.218967
0.220633
0.222303
0.223978
0.225658
0.227342
0.229031
0.230725
0.232423
0.234126
0.235833
0.237545
0.239262
0.240983
0.242709
0.244439
0.246174
0.247914
0.249658
0.251407
0.253160
0.254918
0.256681
0.258448
0.260220
0.261996
0.263777
0.265563
0.267353
0.269148
0.270948
0.272752
0.274561
0.276374
0.278192
0.280014
0.281842
0.283673
0.285510
0.287351
0.289196
0.291046
0.292901
0.294760
0.296624
0.298493
0.300366
0.302244
0.304127
0.306014
0.307905
0.309802
0.311702
0.313608
0.315518
0.317433
0.319352
0.321276
0.323205
0.325138
0.327076
0.329019
0.330966
0.332918
0.334874
0.336835
0.338801
0.340772
0.342747
0.344726
0.346711
0.348700
0.350694
0.352692
0.354695
0.356703
0.358716
0.360733
0.362755
0.364782
0.366813
0.368849
0.370890
0.372936
0.374986
0.377041
0.379101
0.381166
0.383235
0.385309
0.387388
0.389472
0.391560
0.393654
0.395752
0.397855
0.399963
0.402076
0.404193
0.406316
0.408443
0.410576
0.412713
0.414855
0.417002
0.419154
0.421311
0.423473
0.425640
0.427812
0.429989
0.432171
0.434358
0.436550
0.438747
0.440950
0.443157
0.445369
0.447587
0.449810
0.452038
0.454271
0.456509
0.458753
0.461001
0.463255
0.465514
0.467778
0.470048
0.472322
0.474602
0.476887
0.479177
0.481473
0.483774
0.486079
0.488390
0.490707
0.493028
0.495355
0.497687
0.500024
0.502366
0.504714
0.507067
0.509424
0.511788
0.514156
0.516530
0.518908
0.521292
0.523681
0.526076
0.528475
0.530880
0.533290
0.535705
0.538125
0.540551
0.542981
0.545417
0.547858
0.550304
0.552756
0.555212
0.557674
0.560141
0.562613
0.565090
0.567573
0.570060
0.572553
0.575051
0.577554
0.580063
0.582576
0.585095
0.587619
0.590148
0.592682
0.595221
0.597766
0.600316
0.602871
0.605431
0.607996
0.610567
0.613143
0.615724
0.618310
0.620901
0.623497
0.626099
0.628706
0.631318
0.633935
0.636557
0.639185
0.641817
0.644455
0.647098
0.649746
0.652400
0.655058
0.657722
0.660391
0.663065
0.665744
0.668429
0.671118
0.673813
0.676513
0.679218
0.681928
0.684643
0.687364
0.690090
0.692821
0.695557
0.698298
0.701044
0.703796
0.706553
0.709314
0.712081
0.714854
0.717631
0.720414
0.723201
0.725994
0.728792
0.731595
0.733690
0.735784
0.737874
0.739958
0.742035
0.744107
0.746175
0.748236
0.750288
0.752327
0.754352
0.756360
0.758349
0.760318
0.762265
0.764190
0.766092
0.767972
0.769830
0.771668
0.773486
0.775287
0.777073
0.778846
0.780609
0.782365
0.784117
0.785867
0.787619
0.789375
0.791138
0.792910
0.794694
0.796490
0.798301
0.800127
0.801970
0.803829
0.805706
0.807600
0.809511
0.811439
0.813382
0.815341
0.817313
0.819299
0.821297
0.823306
0.825324
0.827351
0.829385
0.831425
0.833470
0.835518
0.837569
0.839622
0.841676
0.843729
0.845782
0.847833
0.849882
0.851929
0.853974
0.856016
0.858055
0.860092
0.862126
0.864158
0.866188
0.868216
0.870244
0.872272
0.874300
0.876329
0.878359
0.880391
0.882427
0.884466
0.886509
0.888556
0.890609
0.892667
0.894731
0.896801
0.898878
0.900961
0.903052
0.905149
0.907253
0.909363
0.911481
0.913605
0.915736
0.917872
0.920015
0.922164
0.924318
0.926477
0.928641
0.930809
0.932982
0.935159
0.937339
0.939523
0.941711
0.943901
0.946094
0.948290
0.950488
0.952689
0.954892
0.957098
0.959306
0.961516
0.963728
0.965943
0.968160
0.970380
0.972603
0.974828
0.977056
0.979287
0.981521
0.983758
0.985999
0.988244
0.990491
0.992743
0.994999
0.997258
0.999522
1.001790
1.004062
1.006338
1.008618
1.010903
1.013192
1.015485
1.017782
1.020084
1.022389
1.024699
1.027012
1.029329
1.031651
1.033976
1.036304
1.038636
1.040972
1.043311
1.045654
1.048000
1.050349
1.052701
1.055056
1.057414
1.059776
1.062140
1.064507
1.066877
1.069250
1.071626
1.074005
1.076386
1.078770
1.081158
1.083547
1.085940
1.088335
1.090734
1.093135
1.095539
1.097945
1.100355
1.102767
1.105182
1.107601
1.110022
1.112446
1.114872
1.117302
1.119735
1.122170
1.124608
1.127050
1.129494
1.131940
1.134390
1.136843
1.139298
1.141756
1.144217
1.146681
1.149147
1.151616
1.154088
1.156562
1.159039
1.161519
1.164001
1.166486
1.168973
1.171463
1.173956
1.176450
1.178948
1.181448
1.183950
1.186454
1.188961
1.191471
1.193983
1.196497
1.199013
1.201532
1.204053
1.206577
1.209103
1.211631
1.214161
1.216694
1.219229
1.221766
1.224306
1.226847
1.229391
1.231938
1.234486
1.237037
1.239590
1.242145
1.244702
1.247261
1.249823
1.252387
1.254953
1.257521
1.260091
1.262663
1.265237
1.267813
1.270392
1.272972
1.275555
1.278139
1.280725
1.283314
1.285904
1.288497
1.291091
1.293687
1.296285
1.298885
1.301487
1.304090
1.306696
1.309303
1.311912
1.314523
1.317135
1.319750
1.322366
1.324984
1.327603
1.330224
1.332847
1.335472
1.338098
1.340726
1.343355
1.345986
1.348619
1.351253
1.353889
1.356526
1.359165
1.361806
1.364447
1.367091
1.369735
1.372382
1.375029
1.377678
1.380329
1.382981
1.385634
1.388288
1.390944
1.393601
1.396260
1.398919
1.401580
1.404243
1.406906
1.409571
1.412236
1.414903
1.417572
1.420241
1.422911
1.425583
1.428255
1.430929
1.433604
1.436279
1.438956
1.441634
1.444313
1.446992
1.449673
1.452355
1.455037
1.457720
1.460405
1.463090
1.465776
1.468462
1.471150
1.473838
1.476528
1.479217
1.481908
1.484599
1.487291
1.489984
1.492678
1.495372
1.498066
1.500762
1.503458
1.506154
1.508851
1.511549
1.514247
1.516946
1.519645
1.522345
1.525045
1.527745
1.530446
1.533148
1.535850
1.538552
1.541255
1.543957
1.546661
1.549364
1.552068
1.554773
1.557477
1.560182
1.562887
1.565592
1.568298
1.571003
1.573709
1.576415
1.579122
1.581828
1.584534
1.587241
1.589948
1.592655
1.595361
1.598068
1.600775
1.603482
1.606189
1.608896
1.611603
1.614310
1.617017
1.619724
1.622430
1.625137
1.627844
1.630550
1.633256
1.635963
1.638669
1.641374
1.644080
1.646786
1.649491
1.652196
1.654901
1.657605
1.660309
1.663013
1.665717
1.668420
1.671123
1.673826
1.676528
1.679230
1.681932
1.684633
1.687334
1.690035
1.692735
1.695434
1.698133
1.700832
1.703530
1.706228
1.708925
1.711621
1.714317
1.717013
1.719708
1.722402
1.725096
1.727789
1.730482
1.733173
1.735865
1.738555
1.741245
1.743934
1.746623
1.749310
1.751997
1.754684
1.757369
1.760054
1.762738
1.765421
1.768103
1.770784
1.773465
1.776144
1.778823
1.781501
1.784178
1.786854
1.789529
1.792202
1.794875
1.797547
1.800218
1.802888
1.805557
1.808225
1.810892
1.813557
1.816222
1.818885
1.821547
1.824208
1.826868
1.829526
1.832184
1.834840
1.837495
1.840148
1.842800
1.845451
1.848101
1.850749
1.853396
1.856042
1.858686
1.861328
1.863969
1.866609
1.869248
1.871884
1.874520
1.877153
1.879785
1.882416
1.885045
1.887673
1.890298
