1.892922
-0.000000
-0.000000
-0.000000
-0.000000
-0.000000
-0.000000
-0.000000
-0.000000
-0.000000
-0.000000
-0.000000
-0.000000
-0.000000
-0.000000
-0.000000
-0.000000
-0.000000
-0.000000
-0.000000
-0.000000
-0.000000
-0.000000
-0.000000
-0.000000
-0.000000
-0.000000
-0.000000
-0.000000
-0.000000
-0.000000
-0.000000
-0.000000
-0.000000
-0.000000
-0.000000
-0.000000
-0.000000
-0.000000
-0.000000
-0.000000
-0.000000
-0.000000
-0.000000
-0.000000
-0.000000
-0.000000
-0.000000
-0.000000
-0.000000
-0.000000
-0.000000
-0.000000
-0.000000
-0.000000
-0.000000
-0.000000
-0.000000
-0.000000
-0.000000
-0.000000
-0.000000
-0.000000
-0.000000
-0.000000
-0.000000
-0.000000
-0.000000
-0.000000
-0.000000
-0.000000
-0.000000
-0.000000
-0.000000
-0.000000
-0.000000
-0.000000
-0.000000
-0.000000
-0.000000
-0.000000
-0.000000
-0.000000
-0.000000
-0.000000
-0.000000
-0.000000
-0.000000
-0.000000
-0.000000
-0.000000
-0.000000
-0.000000
-0.000000
-0.000000
-0.000000
-0.000000
-0.000000
-0.000000
-0.000000
-0.000000
-0.000000
-0.000000
-0.000000
-0.000000
-0.000000
-0.000000
-0.000000
-0.000000
-0.000000
-0.000000
-0.000000
-0.000000
-0.000000
-0.000000
-0.000000
-0.000000
-0.000000
-0.000000
-0.000000
-0.000000
-0.000000
-0.000000
-0.000000
-0.000000
-0.000000
-0.000000
-0.000000
-0.000000
-0.000000
-0.000000
-0.000000
-0.000000
-0.000000
-0.000000
-0.000000
-0.000000
-0.000000
-0.000000
-0.000000
-0.000000
-0.000000
-0.000000
-0.000000
-0.000000
-0.000000
-0.000000
-0.000000
-0.000000
-0.000000
-0.000000
-0.000000
-0.000000
-0.000000
-0.000000
-0.000000
-0.000000
-0.000000
-0.000000
-0.000000
-0.000000
-0.000000
-0.000000
-0.000000
-0.000000
-0.000000
-0.000000
-0.000000
-0.000000
-0.000000
-0.000000
-0.000000
-0.000000
-0.000000
-0.000000
-0.000000
-0.000000
-0.000000
-0.000000
-0.000000
-0.000000
-0.000000
-0.000000
-0.000000
-0.000000
-0.000000
-0.000000
-0.000000
-0.000000
-0.000000
-0.000000
-0.000000
-0.000000
-0.000000
-0.000000
-0.000000
-0.000000
-0.000000
-0.000000
-0.000000
-0.000000
-0.000000
-0.000000
-0.000000
-0.000000
-0.000000
-0.000000
-0.000000
-0.000000
-0.000000
-0.000000
-0.000000
-0.000000
-0.000000
-0.000000
-0.000000
-0.000000
-0.000000
-0.000000
-0.000000
-0.000000
-0.000000
-0.000000
-0.000000
-0.000000
-0.000000
-0.000000
-0.000000
-0.000000
-0.000000
-0.000000
-0.000000
0.000001
0.000003
0.000006
0.000010
0.000016
0.000022
0.000030
0.000039
0.000049
0.000061
0.000073
0.000085
0.000096
0.000103
0.000108
0.000111
0.000112
0.000112
0.000112
0.000112
0.000112
0.000112
0.000112
0.000112
0.000110
0.000108
0.000104
0.000098
0.000090
0.000081
0.000070
0.000056
0.000041
0.000023
0.000004
-0.000016
-0.000038
-0.000062
-0.000087
-0.000113
-0.000141
-0.000170
-0.000200
-0.000232
-0.000265
-0.000299
-0.000335
-0.000373
-0.000411
-0.000451
-0.000493
-0.000536
-0.000580
-0.000626
-0.000673
-0.000722
-0.000772
-0.000823
-0.000875
-0.000929
-0.000984
-0.001041
-0.001098
-0.001158
-0.001218
-0.001280
-0.001343
-0.001408
-0.001474
-0.001542
-0.001611
-0.001681
-0.001753
-0.001826
-0.001901
-0.001977
-0.002055
-0.002134
-0.002215
-0.002297
-0.002381
-0.002466
-0.002553
-0.002641
-0.002731
-0.002823
-0.002916
-0.003010
-0.003106
-0.003203
-0.003302
-0.003403
-0.003505
-0.003608
-0.003713
-0.003819
-0.003927
-0.004037
-0.004147
-0.004260
-0.004373
-0.004488
-0.004605
-0.004723
-0.004843
-0.004964
-0.005086
-0.005210
-0.005335
-0.005462
-0.005590
-0.005719
-0.005850
-0.005983
-0.006117
-0.006252
-0.006389
-0.006528
-0.006668
-0.006809
-0.006952
-0.007096
-0.007242
-0.007389
-0.007538
-0.007688
-0.007840
-0.007994
-0.008149
-0.008305
-0.008463
-0.008622
-0.008783
-0.008946
-0.009110
-0.009276
-0.009443
-0.009611
-0.009781
-0.009953
-0.010126
-0.010300
-0.010476
-0.010654
-0.010833
-0.011013
-0.011195
-0.011378
-0.011563
-0.011749
-0.011937
-0.012126
-0.012316
-0.012508
-0.012701
-0.012896
-0.013092
-0.013290
-0.013489
-0.013689
-0.013891
-0.014094
-0.014298
-0.014504
-0.014712
-0.014921
-0.015131
-0.015342
-0.015555
-0.015770
-0.015986
-0.016203
-0.016421
-0.016642
-0.016863
-0.017086
-0.017310
-0.017536
-0.017763
-0.017991
-0.018221
-0.018452
-0.018685
-0.018919
-0.019154
-0.019391
-0.019630
-0.019869
-0.020110
-0.020353
-0.020596
-0.020842
-0.021088
-0.021336
-0.021586
-0.021837
-0.022089
-0.022342
-0.022597
-0.022854
-0.023111
-0.023371
-0.023631
-0.023893
-0.024156
-0.024421
-0.024687
-0.024955
-0.025224
-0.025494
-0.025766
-0.026039
-0.026313
-0.026589
-0.026866
-0.027145
-0.027425
-0.027706
-0.027989
-0.028273
-0.028559
-0.028846
-0.029135
-0.029424
-0.029716
-0.030008
-0.030302
-0.030598
-0.030895
-0.031193
-0.031493
-0.031794
-0.032097
-0.032401
-0.032706
-0.033013
-0.033321
-0.033631
-0.033942
-0.034254
-0.034568
-0.034883
-0.035200
-0.035518
-0.035838
-0.036159
-0.036481
-0.036805
-0.037131
-0.037457
-0.037786
-0.038115
-0.038446
-0.038779
-0.039112
-0.039448
-0.039785
-0.040123
-0.040462
-0.040803
-0.041146
-0.041490
-0.041835
-0.042182
-0.042530
-0.042880
-0.043231
-0.043583
-0.043937
-0.044293
-0.044650
-0.045008
-0.045368
-0.045729
-0.046091
-0.046456
-0.046821
-0.047188
-0.047556
-0.047926
-0.048298
-0.048670
-0.049045
-0.049420
-0.049797
-0.050176
-0.050556
-0.050937
-0.051320
-0.051704
-0.052090
-0.052477
-0.052866
-0.053256
-0.053648
-0.054041
-0.054435
-0.054831
-0.055228
-0.055627
-0.056027
-0.056429
-0.056832
-0.057237
-0.057643
-0.058050
-0.058459
-0.058869
-0.059281
-0.059694
-0.060109
-0.060525
-0.060942
-0.061361
-0.061782
-0.062204
-0.062627
-0.063052
-0.063478
-0.063905
-0.064334
-0.064765
-0.065197
-0.065630
-0.066065
-0.066501
-0.066938
-0.067377
-0.067818
-0.068260
-0.068703
-0.069148
-0.069594
-0.070041
-0.070490
-0.070940
-0.071392
-0.071845
-0.072300
-0.072756
-0.073214
-0.073672
-0.074133
-0.074594
-0.075057
-0.075522
-0.075988
-0.076455
-0.076924
-0.077394
-0.077865
-0.078338
-0.078812
-0.079288
-0.079765
-0.080243
-0.080723
-0.081204
-0.081687
-0.082171
-0.082656
-0.083143
-0.083631
-0.084121
-0.084611
-0.085104
-0.085597
-0.086092
-0.086589
-0.087087
-0.087586
-0.088086
-0.088588
-0.089091
-0.089596
-0.090102
-0.090609
-0.091118
-0.091628
-0.092140
-0.092653
-0.093167
-0.093682
-0.094199
-0.094718
-0.095237
-0.095758
-0.096281
-0.096804
-0.097329
-0.097856
-0.098384
-0.098913
-0.099443
-0.099975
-0.100509
-0.101043
-0.101579
-0.102117
-0.102655
-0.103195
-0.103737
-0.104280
-0.104824
-0.105369
-0.105916
-0.106465
-0.107014
-0.107565
-0.108118
-0.108671
-0.109226
-0.109783
-0.110341
-0.110900
-0.111461
-0.112023
-0.112586
-0.113151
-0.113717
-0.114284
-0.114853
-0.115423
-0.115995
-0.116568
-0.117142
-0.117718
-0.118295
-0.118874
-0.119454
-0.120035
-0.120618
-0.121202
-0.121788
-0.122375
-0.122963
-0.123553
-0.124144
-0.124737
-0.125331
-0.125927
-0.126523
-0.127122
-0.127721
-0.128323
-0.128925
-0.129529
-0.130135
-0.130742
-0.131350
-0.131960
-0.132571
-0.133184
-0.133798
-0.134413
-0.135031
-0.135649
-0.136269
-0.136891
-0.137513
-0.138138
-0.138764
-0.139391
-0.140020
-0.140650
-0.141282
-0.141915
-0.142550
-0.143187
-0.143824
-0.144464
-0.145104
-0.145747
-0.146391
-0.147036
-0.147683
-0.148331
-0.148981
-0.149633
-0.150286
-0.150940
-0.151596
-0.152254
-0.152913
-0.153574
-0.154236
-0.154900
-0.155565
-0.156232
-0.156900
-0.157570
-0.158242
-0.158915
-0.159590
-0.160266
-0.160944
-0.161623
-0.162304
-0.162987
-0.163671
-0.164357
-0.165044
-0.165733
-0.166424
-0.167116
-0.167810
-0.168505
-0.169202
-0.169901
-0.170601
-0.171303
-0.172006
-0.172711
-0.173418
-0.174126
-0.174836
-0.175548
-0.176261
-0.176976
-0.177692
-0.178410
-0.179130
-0.179851
-0.180574
-0.181299
-0.182025
-0.182753
-0.183483
-0.184214
-0.184947
-0.185682
-0.186418
-0.187156
-0.187895
-0.188636
-0.189379
-0.190124
-0.190870
-0.191618
-0.192367
-0.193119
-0.193871
-0.194626
-0.195382
-0.196140
-0.196900
-0.197661
-0.198424
-0.199188
-0.199955
-0.200723
-0.201492
-0.202264
-0.203037
-0.203811
-0.204588
-0.205366
-0.206145
-0.206927
-0.207710
-0.208495
-0.209281
-0.210070
-0.210860
-0.211651
-0.212445
-0.213240
-0.214036
-0.214835
-0.215635
-0.216437
-0.217240
-0.218045
-0.218852
-0.219661
-0.220471
-0.221283
-0.222097
-0.222913
-0.223730
-0.224549
-0.225369
-0.226192
-0.227016
-0.227842
-0.228669
-0.229498
-0.230329
-0.231162
-0.231996
-0.232832
-0.233670
-0.234509
-0.235351
-0.236193
-0.237038
-0.237885
-0.238733
-0.239583
-0.240434
-0.241287
-0.242142
-0.242999
-0.243858
-0.244718
-0.245580
-0.246444
-0.247309
-0.248176
-0.249045
-0.249916
-0.250788
-0.251662
-0.252538
-0.253416
-0.254295
-0.255177
-0.256059
-0.256944
-0.257831
-0.258719
-0.259609
-0.260500
-0.261394
-0.262289
-0.263186
-0.264085
-0.264985
-0.265888
-0.266792
-0.267698
-0.268605
-0.269515
-0.270426
-0.271339
-0.272254
-0.273170
-0.274089
-0.275009
-0.275931
-0.276855
-0.277781
-0.278708
-0.279637
-0.280568
-0.281501
-0.282436
-0.283373
-0.284311
-0.285251
-0.286193
-0.287137
-0.288083
-0.289031
-0.289980
-0.290932
-0.291885
-0.292840
-0.293797
-0.294756
-0.295717
-0.296679
-0.297644
-0.298611
-0.299579
-0.300549
-0.301522
-0.302496
-0.303472
-0.304450
-0.305430
-0.306412
-0.307396
-0.308382
-0.309370
-0.310359
-0.311351
-0.312345
-0.313341
-0.314339
-0.315339
-0.316340
-0.317344
-0.318350
-0.319358
-0.320368
-0.321380
-0.322394
-0.323410
-0.324429
-0.325449
-0.326471
-0.327495
-0.328522
-0.329550
-0.330581
-0.331613
-0.332648
-0.333684
-0.334723
-0.335764
-0.336807
-0.337852
-0.338899
-0.339948
-0.340999
-0.342052
-0.343107
-0.344165
-0.345224
-0.346285
-0.347349
-0.348414
-0.349482
-0.350552
-0.351624
-0.352697
-0.353773
-0.354851
-0.355932
-0.357014
-0.358098
-0.359184
-0.360273
-0.361363
-0.362456
-0.363550
-0.364647
-0.365746
-0.366847
-0.367950
-0.369055
-0.370162
-0.371272
-0.372383
-0.373496
-0.374612
-0.375730
-0.376849
-0.377971
-0.379095
-0.380221
-0.381349
-0.382479
-0.383612
-0.384746
-0.385883
-0.387021
-0.388162
-0.389305
-0.390450
-0.391597
-0.392746
-0.393897
-0.395051
-0.396206
-0.397364
-0.398524
-0.399685
-0.400849
-0.402015
-0.403184
-0.404354
-0.405526
-0.406701
-0.407878
-0.409056
-0.410237
-0.411420
-0.412605
-0.413793
-0.414982
-0.416174
-0.417367
-0.418563
-0.419761
-0.420961
-0.422163
-0.423367
-0.424574
-0.425783
-0.426993
-0.428206
-0.429421
-0.430638
-0.431857
-0.433079
-0.434302
-0.435528
-0.436756
-0.437986
-0.439218
-0.440452
-0.441689
-0.442055
-0.442425
-0.442798
-0.443174
-0.443552
-0.443932
-0.444314
-0.444698
-0.445083
-0.445469
-0.445856
-0.446242
-0.446628
-0.447013
-0.447398
-0.447781
-0.448162
-0.448542
-0.448921
-0.449297
-0.449673
-0.450047
-0.450420
-0.450792
-0.451163
-0.451534
-0.451905
-0.452275
-0.452646
-0.453016
-0.453388
-0.453759
-0.454132
-0.454504
-0.454878
-0.455252
-0.455627
-0.456003
-0.456379
-0.456756
-0.457134
-0.457513
-0.457892
-0.458273
-0.458654
-0.459036
-0.459420
-0.459804
-0.460190
-0.460576
-0.460964
-0.461354
-0.461745
-0.462137
-0.462530
-0.462926
-0.463322
-0.463721
-0.464121
-0.464523
-0.464927
-0.465332
-0.465739
-0.466148
-0.466559
-0.466971
-0.467385
-0.467800
-0.468217
-0.468635
-0.469054
-0.469475
-0.469896
-0.470318
-0.470740
-0.471163
-0.471586
-0.472010
-0.472433
-0.472856
-0.473278
-0.473701
-0.474122
-0.474543
-0.474963
-0.475382
-0.475801
-0.476218
-0.476635
-0.477050
-0.477465
-0.477879
-0.478292
-0.478704
-0.479116
-0.479526
-0.479937
-0.480346
-0.480756
-0.481165
-0.481574
-0.481982
-0.482391
-0.482799
-0.483208
-0.483617
-0.484026
-0.484435
-0.484844
-0.485254
-0.485664
-0.486075
-0.486485
-0.486896
-0.487307
-0.487718
-0.488129
-0.488540
-0.488951
-0.489362
-0.489773
-0.490183
-0.490593
-0.491003
-0.491412
-0.491820
-0.492227
-0.492633
-0.493039
-0.493443
-0.493846
-0.494248
-0.494648
-0.495048
-0.495446
-0.495842
-0.496237
-0.496631
-0.497023
-0.497414
-0.497804
-0.498192
-0.498579
-0.498964
-0.499348
-0.499731
-0.500112
-0.500493
-0.500872
-0.501249
-0.501626
-0.502002
-0.502376
-0.502750
-0.503122
-0.503493
-0.503864
-0.504233
-0.504601
-0.504968
-0.505334
-0.505700
-0.506064
-0.506427
-0.506789
-0.507149
-0.507509
-0.507868
-0.508225
-0.508581
-0.508936
-0.509289
-0.509641
-0.509992
-0.510341
-0.510689
-0.511035
-0.511380
-0.511723
-0.512064
-0.512404
-0.512743
-0.513079
-0.513414
-0.513747
-0.514079
-0.514409
-0.514737
-0.515063
-0.515387
-0.515710
-0.516031
-0.516350
-0.516667
-0.516983
-0.517296
-0.517608
-0.517918
-0.518227
-0.518533
-0.518838
-0.519141
-0.519442
-0.519741
-0.520039
-0.520334
-0.520628
-0.520920
-0.521211
-0.521499
-0.521786
-0.522070
-0.522353
-0.522634
-0.522913
-0.523190
-0.523465
-0.523739
-0.524010
-0.524279
-0.524546
-0.524811
-0.525074
-0.525335
-0.525594
-0.525851
-0.526105
-0.526358
-0.526608
-0.526856
-0.527102
-0.527345
-0.527587
-0.527826
-0.528062
-0.528297
-0.528529
-0.528759
-0.528986
-0.529212
-0.529434
-0.529655
-0.529873
-0.530089
-0.530302
-0.530513
-0.530721
-0.530927
-0.531131
-0.531332
-0.531531
-0.531728
-0.531922
-0.532113
-0.532302
-0.532489
-0.532673
-0.532854
-0.533033
-0.533210
-0.533384
-0.533556
-0.533725
-0.533891
-0.534055
-0.534216
-0.534375
-0.534531
-0.534685
-0.534836
-0.534984
-0.535130
-0.535273
-0.535413
-0.535551
-0.535686
-0.535818
-0.535948
-0.536075
-0.536199
-0.536321
-0.536440
-0.536556
-0.536669
-0.536780
-0.536888
-0.536993
-0.537095
-0.537195
-0.537292
-0.537386
-0.537477
-0.537566
-0.537651
-0.537734
-0.537815
-0.537892
-0.537966
-0.538038
-0.538107
-0.538173
-0.538237
-0.538297
-0.538355
-0.538410
-0.538462
-0.538511
-0.538557
-0.538601
-0.538642
-0.538680
-0.538715
-0.538747
-0.538777
-0.538804
-0.538828
-0.538849
-0.538867
-0.538882
-0.538895
-0.538905
-0.538912
-0.538916
-0.538917
-0.538916
-0.538911
-0.538904
-0.538894
-0.538881
-0.538866
-0.538847
-0.538826
-0.538802
-0.538775
-0.538746
-0.538713
-0.538678
-0.538640
-0.538600
-0.538556
-0.538510
-0.538461
-0.538409
-0.538354
-0.538297
-0.538237
-0.538174
-0.538108
-0.538040
-0.537969
-0.537895
-0.537819
-0.537740
-0.537658
-0.537573
-0.537486
-0.537396
-0.537303
-0.537208
-0.537110
-0.537009
-0.536906
-0.536800
-0.536691
-0.536580
-0.536466
-0.536349
-0.536230
-0.536108
-0.535984
-0.535857
-0.535727
-0.535595
-0.535460
-0.535322
-0.535182
-0.535040
-0.534895
-0.534747
-0.534597
-0.534444
-0.534289
-0.534131
-0.533970
-0.533807
-0.533642
-0.533474
-0.533303
-0.533130
-0.532955
-0.532777
-0.532596
-0.532413
-0.532228
-0.532040
-0.531849
-0.531657
-0.531461
-0.531263
-0.531063
-0.530860
-0.530655
-0.530448
-0.530238
-0.530025
-0.529810
-0.529593
-0.529373
-0.529151
-0.528927
-0.528700
-0.528470
-0.528239
-0.528004
-0.527768
-0.527529
-0.527288
-0.527044
-0.526798
-0.526549
-0.526299
-0.526045
-0.525790
-0.525532
-0.525271
-0.525009
-0.524744
-0.524476
-0.524207
-0.523934
-0.523660
-0.523383
-0.523104
-0.522823
-0.522539
-0.522253
-0.521964
-0.521673
-0.521380
-0.521085
-0.520787
-0.520487
-0.520184
-0.519879
-0.519572
-0.519263
-0.518951
-0.518637
-0.518321
-0.518002
-0.517681
-0.517358
-0.517032
-0.516704
-0.516374
-0.516042
-0.515707
-0.515370
-0.515031
-0.514689
-0.514345
-0.513999
-0.513651
-0.513300
-0.512947
-0.512592
-0.512235
-0.511875
-0.511513
-0.511149
-0.510783
-0.510414
-0.510043
-0.509670
