0.000998
-0.000000
-0.000000
-0.000000
-0.000004
-0.000000
-0.000000
-0.000000
-0.000001
0.000000
-0.000000
-0.000000
-0.000000
-0.000000
-0.000000
-0.000000
-0.000000
-0.000000
-0.000000
-0.000000
-0.000000
-0.000000
-0.000000
-0.000000
-0.000000
-0.000000
-0.000000
-0.000000
-0.000000
-0.000000
-0.000000
-0.000000
-0.000000
-0.000000
-0.000000
-0.000000
-0.000000
-0.000000
-0.000000
-0.000000
-0.000000
-0.000000
-0.000000
-0.000000
-0.000000
-0.000000
-0.000000
-0.000000
-0.000000
-0.000000
-0.000000
-0.000000
-0.000000
-0.000000
-0.000000
-0.000000
-0.000000
-0.000000
-0.000000
-0.000000
-0.000000
-0.000000
-0.000000
-0.000000
-0.000000
-0.000000
-0.000000
-0.000000
-0.000000
-0.000000
-0.000000
-0.000000
-0.000000
-0.000000
-0.000000
-0.000000
-0.000000
-0.000000
-0.000000
-0.000000
-0.000000
-0.000000
-0.000000
-0.000000
-0.000000
-0.000000
-0.000000
-0.000000
-0.000000
-0.000000
-0.000000
-0.000000
-0.000000
-0.000000
-0.000000
-0.000000
-0.000000
-0.000000
-0.000000
-0.000000
-0.000000
-0.000000
-0.000000
-0.000000
-0.000000
-0.000000
-0.000000
-0.000000
-0.000000
-0.000000
-0.000000
-0.000000
-0.000000
-0.000000
-0.000000
-0.000000
-0.000000
-0.000000
-0.000000
-0.000000
-0.000000
-0.000000
-0.000000
-0.000000
-0.000000
-0.000000
-0.000000
-0.000000
-0.000000
-0.000000
-0.000000
-0.000000
-0.000000
-0.000000
-0.000000
-0.000000
-0.000000
-0.000000
-0.000000
-0.000000
-0.000000
-0.000000
-0.000000
-0.000000
-0.000000
-0.000000
-0.000000
-0.000000
-0.000000
-0.000000
-0.000000
-0.000000
-0.000000
-0.000000
-0.000000
-0.000000
-0.000000
-0.000000
-0.000000
-0.000000
-0.000000
-0.000000
-0.000000
-0.000000
-0.000000
-0.000000
-0.000000
-0.000000
-0.000000
-0.000000
-0.000000
-0.000000
-0.000000
-0.000000
-0.000000
-0.000000
-0.000000
-0.000000
-0.000000
-0.000000
-0.000000
-0.000000
-0.000000
-0.000000
-0.000000
-0.000000
-0.000000
-0.000000
-0.000000
-0.000000
-0.000000
-0.000000
-0.000000
-0.000000
-0.000000
-0.000000
-0.000000
-0.000000
-0.000000
-0.000000
-0.000000
-0.000000
-0.000000
-0.000000
-0.000000
-0.000000
-0.000000
-0.000000
-0.000000
-0.000000
-0.000000
-0.000000
-0.000000
-0.000000
-0.000000
-0.000000
-0.000000
-0.000000
-0.000000
-0.000000
-0.000000
-0.000000
0.000000
0.000000
0.000000
0.000000
0.000000
0.000000
0.000000
0.000000
0.000000
0.000047
-0.001325
-0.003269
-0.005233
-0.007213
-0.009210
-0.011225
-0.013259
-0.015313
-0.017388
-0.019484
-0.021474
-0.020875
-0.019687
-0.018678
-0.018041
-0.017520
-0.017296
-0.017339
-0.017587
-0.017969
-0.018414
-0.018861
-0.019259
-0.019576
-0.019790
-0.019899
-0.019908
-0.019832
-0.019690
-0.019504
-0.019297
-0.019087
-0.018890
-0.018717
-0.018578
-0.018473
-0.018405
-0.018368
-0.018359
-0.018372
-0.018399
-0.018435
-0.018474
-0.018512
-0.018546
-0.018575
-0.018598
-0.018615
-0.018628
-0.018639
-0.018648
-0.018659
-0.018671
-0.018685
-0.018703
-0.018723
-0.018746
-0.018770
-0.018794
-0.018818
-0.018840
-0.018859
-0.018875
-0.018887
-0.018895
-0.018899
-0.018900
-0.018897
-0.018890
-0.018881
-0.018870
-0.018857
-0.018843
-0.018828
-0.018813
-0.018797
-0.018781
-0.018766
-0.018751
-0.018736
-0.018722
-0.018709
-0.018697
-0.018686
-0.018675
-0.018666
-0.018658
-0.018651
-0.018646
-0.018642
-0.018639
-0.018638
-0.018637
-0.018638
-0.018640
-0.018643
-0.018647
-0.018652
-0.018657
-0.018663
-0.018668
-0.018674
-0.018680
-0.018686
-0.018692
-0.018697
-0.018702
-0.018706
-0.018710
-0.018713
-0.018715
-0.018717
-0.018718
-0.018718
-0.018718
-0.018717
-0.018716
-0.018713
-0.018711
-0.018708
-0.018704
-0.018700
-0.018696
-0.018692
-0.018687
-0.018682
-0.018678
-0.018673
-0.018669
-0.018664
-0.018660
-0.018657
-0.018656
-0.018655
-0.018654
-0.018654
-0.018653
-0.018653
-0.018652
-0.018651
-0.018649
-0.018648
-0.018647
-0.018645
-0.018644
-0.018644
-0.018643
-0.018643
-0.018643
-0.018643
-0.018643
-0.018644
-0.018645
-0.018645
-0.018646
-0.018646
-0.018647
-0.018647
-0.018647
-0.018646
-0.018646
-0.018645
-0.018644
-0.018643
-0.018642
-0.018640
-0.018639
-0.018637
-0.018636
-0.018634
-0.018632
-0.018630
-0.018628
-0.018626
-0.018624
-0.018622
-0.018620
-0.018618
-0.018616
-0.018614
-0.018612
-0.018610
-0.018609
-0.018607
-0.018605
-0.018604
-0.018602
-0.018601
-0.018600
-0.018599
-0.018598
-0.018596
-0.018596
-0.018595
-0.018594
-0.018593
-0.018592
-0.018591
-0.018591
-0.018590
-0.018589
-0.018589
-0.018588
-0.018587
-0.018586
-0.018586
-0.018585
-0.018584
-0.018583
-0.018582
-0.018581
-0.018580
-0.018579
-0.018578
-0.018577
-0.018576
-0.018575
-0.018574
-0.018572
-0.018571
-0.018570
-0.018569
-0.018567
-0.018566
-0.018565
-0.018564
-0.018562
-0.018561
-0.018560
-0.018558
-0.018557
-0.018556
-0.018555
-0.018554
-0.018553
-0.018551
-0.018550
-0.018549
-0.018548
-0.018547
-0.018546
-0.018545
-0.018544
-0.018543
-0.018542
-0.018541
-0.018540
-0.018539
-0.018538
-0.018537
-0.018537
-0.018536
-0.018535
-0.018534
-0.018533
-0.018532
-0.018531
-0.018530
-0.018529
-0.018528
-0.018527
-0.018526
-0.018525
-0.018524
-0.018523
-0.018522
-0.018521
-0.018520
-0.018519
-0.018518
-0.018517
-0.018516
-0.018515
-0.018514
-0.018513
-0.018512
-0.018511
-0.018510
-0.018509
-0.018508
-0.018507
-0.018506
-0.018505
-0.018504
-0.018503
-0.018502
-0.018501
-0.018500
-0.018499
-0.018498
-0.018497
-0.018496
-0.018495
-0.018494
-0.018493
-0.018492
-0.018491
-0.018490
-0.018489
-0.018488
-0.018487
-0.018486
-0.018485
-0.018484
-0.018484
-0.018483
-0.018482
-0.018481
-0.018480
-0.018479
-0.018478
-0.018477
-0.018476
-0.018475
-0.018474
-0.018473
-0.018472
-0.018471
-0.018470
-0.018469
-0.018468
-0.018467
-0.018466
-0.018465
-0.018464
-0.018463
-0.018462
-0.018461
-0.018460
-0.018460
-0.018459
-0.018458
-0.018457
-0.018456
-0.018455
-0.018454
-0.018453
-0.018452
-0.018451
-0.018450
-0.018449
-0.018448
-0.018447
-0.018446
-0.018445
-0.018444
-0.018443
-0.018442
-0.018441
-0.018440
-0.018439
-0.018438
-0.018437
-0.018436
-0.018435
-0.018434
-0.018433
-0.018432
-0.018431
-0.018430
-0.018429
-0.018428
-0.018427
-0.018426
-0.018425
-0.018424
-0.018423
-0.018422
-0.018421
-0.018420
-0.018419
-0.018418
-0.018417
-0.018416
-0.018415
-0.018414
-0.018413
-0.018412
-0.018411
-0.018410
-0.018409
-0.018408
-0.018406
-0.018405
-0.018404
-0.018403
-0.018402
-0.018401
-0.018400
-0.018399
-0.018398
-0.018397
-0.018396
-0.018395
-0.018394
-0.018393
-0.018392
-0.018390
-0.018389
-0.018388
-0.018387
-0.018386
-0.018384
-0.018383
-0.018382
-0.018381
-0.018380
-0.018379
-0.018378
-0.018377
-0.018376
-0.018376
-0.018375
-0.018374
-0.018373
-0.018372
-0.018371
-0.018370
-0.018369
-0.018368
-0.018366
-0.018365
-0.018364
-0.018362
-0.018361
-0.018360
-0.018359
-0.018357
-0.018356
-0.018355
-0.018354
-0.018353
-0.018352
-0.018351
-0.018350
-0.018349
-0.018348
-0.018347
-0.018346
-0.018345
-0.018344
-0.018343
-0.018342
-0.018341
-0.018340
-0.018339
-0.018338
-0.018337
-0.018336
-0.018335
-0.018334
-0.018333
-0.018332
-0.018331
-0.018330
-0.018329
-0.018327
-0.018326
-0.018325
-0.018324
-0.018323
-0.018322
-0.018321
-0.018320
-0.018319
-0.018318
-0.018317
-0.018316
-0.018315
-0.018314
-0.018313
-0.018312
-0.018311
-0.018310
-0.018309
-0.018308
-0.018307
-0.018306
-0.018305
-0.018304
-0.018303
-0.018302
-0.018301
-0.018300
-0.018300
-0.018299
-0.018298
-0.018297
-0.018296
-0.018295
-0.018294
-0.018293
-0.018292
-0.018291
-0.018290
-0.018289
-0.018288
-0.018287
-0.018286
-0.018285
-0.018284
-0.018283
-0.018282
-0.018281
-0.018280
-0.018279
-0.018278
-0.018277
-0.018276
-0.018275
-0.018274
-0.018273
-0.018272
-0.018271
-0.018270
-0.018269
-0.018268
-0.018267
-0.018266
-0.018266
-0.018265
-0.018264
-0.018263
-0.018262
-0.018261
-0.018260
-0.018259
-0.018258
-0.018257
-0.018256
-0.018255
-0.018254
-0.018253
-0.018252
-0.018251
-0.018250
-0.018249
-0.018248
-0.018247
-0.018246
-0.018245
-0.018244
-0.018243
-0.018242
-0.018241
-0.018240
-0.018239
-0.018238
-0.018237
-0.018236
-0.018235
-0.018234
-0.018233
-0.018232
-0.018231
-0.018230
-0.018229
-0.018228
-0.018227
-0.018226
-0.018225
-0.018224
-0.018223
-0.018222
-0.018221
-0.018220
-0.018219
-0.018218
-0.018217
-0.018216
-0.018215
-0.018214
-0.018213
-0.018211
-0.018210
-0.018209
-0.018208
-0.018207
-0.018206
-0.018205
-0.018204
-0.018203
-0.018202
-0.018201
-0.018200
-0.018199
-0.018198
-0.018197
-0.018196
-0.018195
-0.018194
-0.018193
-0.018191
-0.018190
-0.018189
-0.018188
-0.018187
-0.018186
-0.018185
-0.018184
-0.018183
-0.018182
-0.018181
-0.018179
-0.018178
-0.018177
-0.018176
-0.018175
-0.018174
-0.018173
-0.018172
-0.018171
-0.018169
-0.018168
-0.018167
-0.018166
-0.018165
-0.018164
-0.018163
-0.018162
-0.018160
-0.018159
-0.018158
-0.018157
-0.018156
-0.018155
-0.018153
-0.018152
-0.018151
-0.018150
-0.018149
-0.018148
-0.018146
-0.018145
-0.018144
-0.018143
-0.018142
-0.018140
-0.018139
-0.018138
-0.018137
-0.018136
-0.018134
-0.018133
-0.018132
-0.018131
-0.018129
-0.018128
-0.018127
-0.018126
-0.018124
-0.018123
-0.018122
-0.018121
-0.018119
-0.018118
-0.018117
-0.018116
-0.018114
-0.018113
-0.018112
-0.018111
-0.018109
-0.018108
-0.018107
-0.018106
-0.018104
-0.018103
-0.018102
-0.018100
-0.018099
-0.018098
-0.018097
-0.018095
-0.018094
-0.018093
-0.018091
-0.018090
-0.018089
-0.018088
-0.018086
-0.018085
-0.018084
-0.018083
-0.018082
-0.018083
-0.018084
-0.018085
-0.018086
-0.018087
-0.018088
-0.018088
-0.018087
-0.018086
-0.018085
-0.018083
-0.018081
-0.018079
-0.018077
-0.018075
-0.018073
-0.018072
-0.018070
-0.018069
-0.018068
-0.018067
-0.018066
-0.018065
-0.018064
-0.018063
-0.018063
-0.018062
-0.018060
-0.018059
-0.018058
-0.018057
-0.018056
-0.018055
-0.018053
-0.018052
-0.018051
-0.018050
-0.018049
-0.018048
-0.018047
-0.018045
-0.018044
-0.018043
-0.018042
-0.018041
-0.018040
-0.018039
-0.018038
-0.018037
-0.018035
-0.018034
-0.018033
-0.018032
-0.018031
-0.018030
-0.018028
-0.018027
-0.018026
-0.018025
-0.018024
-0.018023
-0.018022
-0.018020
-0.018019
-0.018018
-0.018017
-0.018016
-0.018015
-0.018013
-0.018012
-0.018011
-0.018010
-0.018009
-0.018008
-0.018007
-0.018006
-0.018004
-0.018003
-0.018002
-0.018001
-0.018000
-0.017999
-0.017998
-0.017996
-0.017995
-0.017994
-0.017993
-0.017992
-0.017991
-0.017990
-0.017988
-0.017987
-0.017986
-0.017985
-0.017984
-0.017983
-0.017982
-0.017981
-0.017979
-0.017978
-0.017977
-0.017976
-0.017975
-0.017974
-0.017973
-0.017971
-0.017970
-0.017969
-0.017968
0.592330
0.592568
0.593275
0.593914
0.594467
0.594916
0.595242
0.595630
0.595972
0.596255
0.596466
0.596592
0.596620
0.596542
0.596355
0.596061
0.595667
0.595186
0.594635
0.594031
0.593395
0.592745
0.592101
0.591477
0.590888
0.590344
0.589852
0.589418
0.589044
0.588730
0.588476
0.588279
0.588137
0.588047
0.588006
0.588009
0.588054
0.588137
0.588254
0.588403
0.588579
0.588780
0.589002
0.589240
0.589491
0.589750
0.590014
0.590278
0.590537
0.590788
0.591027
0.591250
0.591453
0.591634
0.591791
0.591921
0.592023
0.592098
0.592145
0.592164
0.592158
0.592126
0.592072
0.591998
0.591905
0.591798
0.591678
0.591549
0.591414
0.591275
0.591135
0.590997
0.590862
0.590734
0.590613
0.590502
0.590401
0.590312
0.590236
0.590172
0.590122
0.590085
0.590061
0.590050
0.590052
0.590064
0.590088
0.590121
0.590162
0.590211
0.590266
0.590327
0.590391
0.590457
0.590525
0.590593
0.590660
0.590725
0.590786
0.590844
0.590897
0.590945
0.590987
0.591023
0.591052
0.591074
0.591090
0.591099
0.591102
0.591099
0.591091
0.591077
0.591058
0.591036
0.591010
0.590981
0.590951
0.590919
0.590886
0.590853
0.590820
0.590789
0.590759
0.590731
0.590705
0.590681
0.590661
0.590644
0.590630
0.590619
0.590611
0.590607
0.590606
0.590607
0.590609
0.590614
0.590621
0.590631
0.590642
0.590655
0.590671
0.590687
0.590705
0.590723
0.590741
0.590760
0.590777
0.590794
0.590810
0.590825
0.590838
0.590849
0.590859
0.590867
0.590873
0.590878
0.590881
0.590882
0.590883
0.590882
0.590879
0.590876
0.590872
0.590867
0.590861
0.590855
0.590848
0.590841
0.590834
0.590828
0.590821
0.590814
0.590808
0.590803
0.590798
0.590794
0.590790
0.590788
0.590786
0.590784
0.590784
0.590784
0.590785
0.590787
0.590789
0.590792
0.590796
0.590800
0.590804
0.590808
0.590813
0.590818
0.590823
0.590828
0.590833
0.590838
0.590843
0.590847
0.590851
0.590855
0.590859
0.590862
0.590865
0.590867
0.590869
0.590871
0.590872
0.590873
0.590873
0.590873
0.590873
0.590873
0.590872
0.590871
0.590870
0.590869
0.590868
0.590867
0.590865
0.590864
0.590863
0.590862
0.590861
0.590860
0.590860
0.590859
0.590859
0.590859
0.590859
0.590859
0.590859
0.590860
0.590861
0.590862
0.590863
0.590864
0.590866
0.590867
0.590869
0.590870
0.590872
0.590874
0.590876
0.590877
0.590879
0.590881
0.590882
0.590884
0.590886
0.590887
0.590888
0.590890
0.590891
0.590892
0.590893
0.590894
0.590894
0.590895
0.590896
0.590896
0.590897
0.590897
0.590897
0.590898
0.590898
0.590898
0.590898
0.590899
0.590899
0.590899
0.590899
0.590899
0.590900
0.590900
0.590900
0.590901
0.590901
0.590902
0.590902
0.590903
0.590904
0.590904
0.590905
0.590906
0.590907
0.590908
0.590909
0.590909
0.590910
0.590911
0.590912
0.590913
0.590914
0.590915
0.590916
0.590917
0.590918
0.590919
0.590920
0.590921
0.590922
0.590923
0.590924
0.590925
0.590926
0.590927
0.590927
0.590928
0.590929
0.590930
0.590930
0.590931
0.590932
0.590932
0.590933
0.590934
0.590934
0.590935
0.590936
0.590937
0.590937
0.590938
0.590939
0.590939
0.590940
0.590941
0.590942
0.590943
0.590943
0.590944
0.590945
0.590946
0.590947
0.590948
0.590949
0.590949
0.590950
0.590951
0.590952
0.590953
0.590954
0.590955
0.590956
0.590957
0.590958
0.590959
0.590960
0.590961
0.590962
0.590963
0.590964
0.590965
0.590966
0.590967
0.590967
0.590968
0.590969
0.590970
0.590971
0.590972
0.590973
0.590974
0.590975
0.590976
0.590977
0.590978
0.590979
0.590979
0.590980
0.590981
0.590982
0.590983
0.590984
0.590985
0.590986
0.590987
0.590988
0.590989
0.590990
0.590990
0.590991
0.590992
0.590993
0.590994
0.590995
0.590996
0.590997
0.590998
0.590999
0.591000
0.591001
0.591002
0.591003
0.591004
0.591004
0.591005
0.591006
0.591007
0.591008
0.591009
0.591010
0.591011
0.591012
0.591012
0.591013
0.591014
0.591015
0.591016
0.591017
0.591017
0.591018
0.591019
0.591020
0.591021
0.591021
0.591022
0.591023
0.591024
0.591025
0.591025
0.591026
0.591027
0.591028
0.591028
0.591029
0.591030
0.591030
0.591031
0.591032
0.591032
0.591033
0.591034
0.591034
0.591035
0.591036
0.591036
0.591037
0.591038
0.591038
0.591039
0.591040
0.591040
0.591041
0.591041
0.591042
0.591043
0.591043
0.591044
0.591044
0.591045
0.591045
0.591046
0.591047
0.591047
0.591048
0.591048
0.591049
0.591049
0.591050
0.591050
0.591051
0.591051
0.591052
0.591052
0.591053
0.591053
0.591054
0.591054
0.591055
0.591055
0.591056
0.591056
0.591056
0.591057
