0.005017
-0.000000
-0.000000
-0.000000
-0.000000
-0.000000
-0.000000
-0.000000
-0.000000
-0.000000
-0.000000
-0.000000
-0.000000
-0.000000
-0.000000
-0.000000
-0.000000
-0.000000
-0.000000
-0.000000
-0.000000
-0.000000
-0.000000
-0.000000
-0.000000
-0.000000
-0.000000
-0.000000
-0.000000
-0.000000
-0.000000
-0.000000
-0.000000
-0.000000
-0.000000
-0.000000
-0.000000
-0.000000
-0.000000
-0.000000
-0.000000
-0.000000
-0.000000
-0.000000
-0.000000
-0.000000
-0.000000
-0.000000
-0.000000
-0.000000
-0.000000
-0.000000
-0.000000
-0.000000
-0.000000
-0.000000
-0.000000
-0.000000
-0.000000
-0.000000
-0.000000
-0.000000
-0.000000
-0.000000
-0.000000
-0.000000
-0.000000
-0.000000
-0.000000
-0.000000
-0.000000
-0.000000
-0.000000
-0.000000
-0.000000
-0.000000
-0.000000
-0.000000
-0.000000
-0.000000
-0.000000
-0.000000
-0.000000
-0.000000
-0.000000
-0.000000
-0.000000
-0.000000
-0.000000
-0.000000
-0.000000
-0.000000
-0.000000
-0.000000
-0.000000
-0.000000
-0.000000
-0.000000
-0.000000
-0.000000
-0.000000
-0.000000
-0.000000
-0.000000
-0.000000
-0.000000
-0.000000
-0.000000
-0.000000
-0.000000
-0.000000
-0.000000
-0.000000
-0.000000
-0.000000
-0.000000
-0.000000
-0.000000
-0.000000
-0.000000
-0.000000
-0.000000
-0.000000
-0.000000
-0.000000
-0.000000
-0.000000
-0.000000
-0.000000
-0.000000
-0.000000
-0.000000
-0.000000
-0.000000
-0.000000
-0.000000
-0.000000
-0.000000
-0.000000
-0.000000
-0.000000
-0.000000
-0.000000
-0.000000
-0.000000
-0.000000
-0.000000
-0.000000
-0.000000
-0.000000
-0.000000
-0.000000
-0.000000
-0.000000
-0.000000
-0.000000
-0.000000
-0.000000
-0.000000
-0.000000
-0.000000
-0.000000
-0.000000
-0.000000
-0.000000
-0.000000
-0.000000
-0.000000
-0.000000
-0.000000
-0.000000
-0.000000
-0.000000
-0.000000
-0.000000
-0.000000
-0.000000
-0.000000
-0.000000
-0.000000
-0.000000
-0.000000
-0.000000
-0.000000
-0.000000
-0.000000
-0.000000
-0.000000
-0.000000
-0.000000
-0.000000
-0.000000
-0.000000
-0.000000
-0.000000
-0.000000
-0.000000
-0.000000
-0.000000
-0.000000
-0.000000
-0.000000
-0.000000
-0.000000
-0.000000
-0.000000
-0.000000
-0.000000
-0.000000
-0.000000
-0.000000
-0.000000
-0.000000
-0.000000
-0.000000
-0.000000
-0.000000
-0.000000
-0.000000
-0.000000
-0.000000
-0.000000
-0.000000
-0.000000
-0.000000
-0.000000
-0.000000
-0.000000
-0.000000
-0.000000
-0.000000
0.000000
-0.000013
-0.000046
-0.000098
-0.000171
-0.000263
-0.000375
-0.000508
-0.000662
-0.000836
-0.001031
-0.001246
-0.001455
-0.001652
-0.001839
-0.002018
-0.002191
-0.002360
-0.002528
-0.002696
-0.002867
-0.003042
-0.003222
-0.003405
-0.003593
-0.003784
-0.003977
-0.004171
-0.004366
-0.004560
-0.004754
-0.004946
-0.005137
-0.005327
-0.005516
-0.005704
-0.005891
-0.006078
-0.006266
-0.006453
-0.006641
-0.006829
-0.007018
-0.007207
-0.007396
-0.007586
-0.007775
-0.007965
-0.008154
-0.008343
-0.008532
-0.008720
-0.008909
-0.009097
-0.009284
-0.009472
-0.009659
-0.009846
-0.010034
-0.010221
-0.010408
-0.010595
-0.010782
-0.010969
-0.011156
-0.011342
-0.011529
-0.011716
-0.011903
-0.012090
-0.012277
-0.012464
-0.012651
-0.012838
-0.013025
-0.013212
-0.013399
-0.013586
-0.013773
-0.013960
-0.014148
-0.014335
-0.014522
-0.014710
-0.014897
-0.015085
-0.015272
-0.015460
-0.015647
-0.015834
-0.016022
-0.016209
-0.016397
-0.016584
-0.016771
-0.016959
-0.017146
-0.017333
-0.017520
-0.017708
-0.017895
-0.018082
-0.018269
-0.018456
-0.018643
-0.018830
-0.019016
-0.019203
-0.019390
-0.019577
-0.019764
-0.019950
-0.020137
-0.020324
-0.020511
-0.020697
-0.020884
-0.021071
-0.021257
-0.021444
-0.021631
-0.021817
-0.022004
-0.022191
-0.022377
-0.022564
-0.022751
-0.022937
-0.023124
-0.023311
-0.023497
-0.023684
-0.023871
-0.024057
-0.024244
-0.024431
-0.024618
-0.024804
-0.024991
-0.025178
-0.025365
-0.025551
-0.025738
-0.025925
-0.026111
-0.026298
-0.026485
-0.026671
-0.026858
-0.027044
-0.027231
-0.027417
-0.027604
-0.027790
-0.027977
-0.028163
-0.028350
-0.028536
-0.028723
-0.028909
-0.029095
-0.029282
-0.029468
-0.029654
-0.029841
-0.030027
-0.030213
-0.030400
-0.030586
-0.030772
-0.030958
-0.031145
-0.031331
-0.031517
-0.031703
-0.031889
-0.032076
-0.032262
-0.032448
-0.032634
-0.032820
-0.033007
-0.033193
-0.033379
-0.033565
-0.033751
-0.033937
-0.034123
-0.034309
-0.034495
-0.034681
-0.034867
-0.035053
-0.035239
-0.035425
-0.035611
-0.035797
-0.035983
-0.036169
-0.036355
-0.036541
-0.036727
-0.036913
-0.037099
-0.037285
-0.037471
-0.037656
-0.037842
-0.038028
-0.038214
-0.038400
-0.038586
-0.038771
-0.038957
-0.039143
-0.039329
-0.039514
-0.039700
-0.039886
-0.040071
-0.040257
-0.040443
-0.040628
-0.040814
-0.041000
-0.041185
-0.041371
-0.041557
-0.041742
-0.041928
-0.042113
-0.042299
-0.042485
-0.042670
-0.042856
-0.043041
-0.043227
-0.043412
-0.043598
-0.043783
-0.043969
-0.044154
-0.044340
-0.044525
-0.044711
-0.044896
-0.045082
-0.045267
-0.045452
-0.045638
-0.045823
-0.046008
-0.046194
-0.046379
-0.046565
-0.046750
-0.046935
-0.047120
-0.047306
-0.047491
-0.047676
-0.047862
-0.048047
-0.048232
-0.048417
-0.048603
-0.048788
-0.048973
-0.049158
-0.049343
-0.049529
-0.049714
-0.049899
-0.050084
-0.050269
-0.050454
-0.050639
-0.050825
-0.051010
-0.051195
-0.051380
-0.051565
-0.051750
-0.051935
-0.052120
-0.052305
-0.052490
-0.052675
-0.052860
-0.053045
-0.053230
-0.053415
-0.053600
-0.053785
-0.053970
-0.054155
-0.054340
-0.054525
-0.054710
-0.054895
-0.055079
-0.055264
-0.055449
-0.055634
-0.055819
-0.056004
-0.056189
-0.056373
-0.056558
-0.056743
-0.056928
-0.057113
-0.057297
-0.057482
-0.057667
-0.057852
-0.058036
-0.058221
-0.058406
-0.058590
-0.058775
-0.058960
-0.059144
-0.059329
-0.059514
-0.059698
-0.059883
-0.060068
-0.060252
-0.060437
-0.060622
-0.060806
-0.060991
-0.061175
-0.061360
-0.061544
-0.061729
-0.061913
-0.062098
-0.062283
-0.062467
-0.062652
-0.062836
-0.063020
-0.063205
-0.063389
-0.063574
-0.063758
-0.063943
-0.064127
-0.064312
-0.064496
-0.064680
-0.064865
-0.065049
-0.065233
-0.065418
-0.065602
-0.065786
-0.065971
-0.066155
-0.066339
-0.066524
-0.066708
-0.066892
-0.067076
-0.067261
-0.067445
-0.067629
-0.067813
-0.067998
-0.068182
-0.068366
-0.068550
-0.068734
-0.068918
-0.069103
-0.069287
-0.069471
-0.069655
-0.069839
-0.070023
-0.070207
-0.070391
-0.070575
-0.070759
-0.070943
-0.071127
-0.071311
-0.071495
-0.071679
-0.071863
-0.072047
-0.072231
-0.072415
-0.072599
-0.072783
-0.072967
-0.073151
-0.073335
-0.073519
-0.073703
-0.073887
-0.074070
-0.074254
-0.074438
-0.074622
-0.074806
-0.074989
-0.075173
-0.075357
-0.075541
-0.075725
-0.075908
-0.076092
-0.076276
-0.076459
-0.076643
-0.076827
-0.077011
-0.077194
-0.077378
-0.077562
-0.077745
-0.077929
-0.078112
-0.078296
-0.078480
-0.078663
-0.078847
-0.079030
-0.079214
-0.079397
-0.079581
-0.079764
-0.079948
-0.080131
-0.080315
-0.080498
-0.080682
-0.080865
-0.081049
-0.081232
-0.081416
-0.081599
-0.081782
-0.081966
-0.082149
-0.082333
-0.082516
-0.082699
-0.082883
-0.083066
-0.083249
-0.083433
-0.083616
-0.083799
-0.083982
-0.084166
-0.084349
-0.084532
-0.084715
-0.084899
-0.085082
-0.085265
-0.085448
-0.085631
-0.085815
-0.085998
-0.086181
-0.086364
-0.086547
-0.086730
-0.086913
-0.087097
-0.087280
-0.087463
-0.087646
-0.087829
-0.088012
-0.088195
-0.088378
-0.088561
-0.088744
-0.088927
-0.089110
-0.089293
-0.089476
-0.089659
-0.089842
-0.090025
-0.090208
-0.090391
-0.090574
-0.090757
-0.090939
-0.091122
-0.091305
-0.091488
-0.091671
-0.091854
-0.092037
-0.092219
-0.092402
-0.092585
-0.092768
-0.092951
-0.093133
-0.093316
-0.093499
-0.093682
-0.093864
-0.094047
-0.094230
-0.094413
-0.094595
-0.094778
-0.094961
-0.095143
-0.095326
-0.095509
-0.095691
-0.095874
-0.096057
-0.096239
-0.096422
-0.096604
-0.096787
-0.096970
-0.097152
-0.097335
-0.097517
-0.097700
-0.097882
-0.098065
-0.098247
-0.098430
-0.098612
-0.098795
-0.098977
-0.099160
-0.099342
-0.099525
-0.099707
-0.099890
-0.100072
-0.100254
-0.100437
-0.100619
-0.100801
-0.100984
-0.101166
-0.101349
-0.101531
-0.101713
-0.101895
-0.102078
-0.102260
-0.102442
-0.102625
-0.102807
-0.102989
-0.103171
-0.103354
-0.103536
-0.103718
-0.103900
-0.104082
-0.104265
-0.104447
-0.104629
-0.104811
-0.104993
-0.105175
-0.105357
-0.105540
-0.105722
-0.105904
-0.106086
-0.106268
-0.106450
-0.106632
-0.106814
-0.106996
-0.107178
-0.107360
-0.107542
-0.107724
-0.107906
-0.108088
-0.108270
-0.108452
-0.108634
-0.108816
-0.108998
-0.109179
-0.109361
-0.109543
-0.109725
-0.109907
-0.110089
-0.110271
-0.110452
-0.110634
-0.110816
-0.110998
-0.111180
-0.111361
-0.111543
-0.111725
-0.111907
-0.112088
-0.112270
-0.112452
-0.112633
-0.112815
-0.112997
-0.113178
-0.113360
-0.113542
-0.113723
-0.113905
-0.114086
-0.114268
-0.114450
-0.114631
-0.114813
-0.114994
-0.115176
-0.115357
-0.115539
-0.115720
-0.115902
-0.116083
-0.116265
-0.116446
-0.116628
-0.116809
-0.116990
-0.117172
-0.117353
-0.117535
-0.117716
-0.117897
-0.118079
-0.118260
-0.118441
-0.118622
-0.118804
-0.118985
-0.119166
-0.119348
-0.119529
-0.119710
-0.119891
-0.120072
-0.120254
-0.120435
-0.120616
-0.120797
-0.120978
-0.121159
-0.121340
-0.121521
-0.121703
-0.121884
-0.122065
-0.122246
-0.122427
-0.122608
-0.122789
-0.122970
-0.123151
-0.123332
-0.123513
-0.123694
-0.123874
-0.124055
-0.124236
-0.124417
-0.124598
-0.124779
-0.124960
-0.125141
-0.125321
-0.125502
-0.125683
-0.125864
-0.126045
-0.126226
-0.126406
-0.126587
-0.126768
-0.126949
-0.127130
-0.127311
-0.127492
-0.127672
-0.127853
-0.128034
-0.128215
-0.128395
-0.128576
-0.128757
-0.128938
-0.129118
-0.129299
-0.129480
-0.129660
-0.129841
-0.130022
-0.130202
-0.130383
-0.130563
-0.130744
-0.130925
-0.131105
-0.131286
-0.131466
-0.131647
-0.131827
-0.132008
-0.132188
-0.132369
-0.132549
-0.132730
-0.132910
-0.133091
-0.133271
-0.133452
-0.133632
-0.133812
-0.133993
-0.134173
-0.134354
-0.134534
-0.134714
-0.134895
-0.135075
-0.135255
-0.135435
-0.135616
-0.135796
-0.135976
-0.136157
-0.136337
-0.136517
-0.136697
-0.136877
-0.137058
-0.137238
-0.137418
-0.137598
-0.137778
-0.137958
-0.138139
-0.138319
-0.138499
-0.138679
-0.138859
-0.139039
-0.139219
-0.139399
-0.139579
-0.139759
-0.139939
-0.140119
-0.140299
-0.140479
-0.140659
-0.140839
-0.141019
-0.141199
-0.141379
-0.141559
-0.141739
-0.141919
-0.142098
-0.142278
-0.142458
-0.142638
-0.142818
-0.142998
-0.143178
-0.143357
-0.143537
-0.143717
-0.143897
-0.144076
-0.144256
-0.144436
-0.144616
-0.144795
-0.144975
-0.145155
-0.139242
-0.133327
-0.127403
-0.121471
-0.115531
-0.109584
-0.103631
-0.097672
-0.091708
-0.085739
-0.079767
-0.073794
-0.067820
-0.061847
-0.055877
-0.049909
-0.043946
-0.037988
-0.032036
-0.026089
-0.020149
-0.014216
-0.008288
-0.002367
0.003549
0.009459
0.015364
0.021266
0.027163
0.033057
0.038948
0.044836
0.050723
0.056608
0.062491
0.068374
0.074257
0.080139
0.086022
0.091905
0.097790
0.103676
0.109563
0.115453
0.121344
0.127238
0.133135
0.139034
0.144936
0.150841
0.156748
0.162658
0.168570
0.174485
0.180401
0.186319
0.192238
0.198159
0.204080
0.210002
0.215924
0.221846
0.227768
0.233689
0.239609
0.245528
0.251446
0.257364
0.263279
0.269194
0.275107
0.281018
0.286929
0.292838
0.298746
0.304652
0.310558
0.316462
0.322366
0.328269
0.334171
0.340073
0.345974
0.351875
0.357776
0.363677
0.369577
0.375478
0.381380
0.387281
0.393184
0.399086
0.404989
0.410893
0.416798
0.422703
0.428609
0.434515
0.440422
0.446330
0.452238
0.458147
0.464057
0.469967
0.475877
0.481787
0.487698
0.493609
0.499520
0.505431
0.511342
0.517253
0.523164
0.529075
0.534985
0.540896
0.546805
0.552715
0.558624
0.564533
0.570442
0.576351
0.582259
0.588166
0.594074
0.599981
0.605888
0.611795
0.617701
0.623608
0.629514
0.635420
0.641327
0.647233
0.653139
0.659045
0.664951
0.670858
0.676764
0.682670
0.688577
0.694484
0.700391
0.706298
0.712205
0.718112
0.724020
0.729928
0.735836
0.741744
0.747652
0.753561
0.759469
0.765378
0.771287
0.777195
0.783104
0.789013
0.794922
0.800831
0.806740
0.812649
0.818558
0.824466
0.830375
0.836284
0.842192
0.848101
0.854009
0.859918
0.865826
0.871735
0.877643
0.883551
0.889459
0.895367
0.901275
0.907183
0.913091
0.918999
0.924907
0.930815
0.936723
0.942631
0.948539
0.954447
0.960355
0.966263
0.972171
0.978079
0.983987
0.989895
0.995804
1.001712
1.007620
1.013529
1.019437
1.025346
1.031254
1.037163
1.043071
1.048980
1.054889
1.060797
1.066706
1.072615
1.078524
1.084432
1.090341
1.096250
1.102159
1.108068
1.113976
1.119885
1.125794
1.131703
1.137612
1.143520
1.149429
1.155338
1.161247
1.167155
1.173064
1.178973
1.184881
1.190790
1.196699
1.202607
1.208516
1.214425
1.220333
1.226242
1.232151
1.238059
1.243968
1.249877
1.255785
1.261694
1.267603
1.273512
1.279420
1.285329
1.291238
1.297147
1.303056
1.308965
1.314873
1.320782
1.326691
1.332600
1.338509
1.344418
1.350327
1.356236
1.362145
1.368054
1.373963
1.379872
1.385781
1.391690
1.397599
1.403508
1.409417
1.415326
1.421235
1.427144
1.433053
1.438962
1.444872
1.450781
1.456690
1.462599
1.468508
1.474417
1.480326
1.486235
1.492144
1.498053
1.503962
1.509871
1.515780
1.521690
1.527599
1.533508
1.539417
1.545326
1.551235
1.557144
1.563054
1.568963
1.574872
1.580781
1.586690
1.592600
1.598509
1.604418
1.610327
1.616236
1.622146
1.628055
1.633964
1.639874
1.645783
1.651692
1.657602
1.663511
1.669420
1.675330
1.681239
1.687148
1.693058
1.698967
1.704876
1.710786
1.716695
1.722605
1.728514
1.734423
1.740333
1.746242
1.752152
1.758061
1.763971
1.769880
1.775789
1.781699
1.787608
1.793518
1.799427
1.805337
1.811246
1.817156
1.823065
1.828975
1.834885
1.840794
1.846704
1.852613
1.858523
1.864432
1.870342
1.876252
1.882161
1.888071
1.893981
1.899890
1.905800
1.911709
1.917619
1.923529
1.929439
1.935348
1.941258
1.947168
1.953077
1.958987
1.964897
1.970807
1.976716
1.982626
1.988536
1.994446
2.000356
2.006265
2.012175
2.018085
2.023995
2.029905
2.035815
2.041725
2.047634
2.053544
2.059454
2.065364
2.071274
2.077184
2.083094
2.089004
2.094914
2.100824
2.106734
2.112644
2.118554
2.124464
2.130374
2.136284
2.142194
2.148104
2.154014
2.159924
2.165834
2.171744
2.177654
2.183564
2.189474
2.195384
2.201295
2.207205
2.213115
2.219025
2.224935
2.230845
2.236755
2.242666
2.248576
2.254486
2.260396
2.266306
2.272217
2.278127
2.284037
2.289947
2.295858
2.301768
2.307678
2.313588
2.319499
2.325409
2.331319
2.337230
2.343140
2.349050
2.354961
2.360871
2.366781
2.372692
2.378602
2.384512
2.390423
2.396333
2.402244
2.408154
2.414064
2.419975
2.425885
2.431796
2.437706
2.443617
2.449527
2.455437
2.461348
2.467258
2.473169
2.479079
2.484990
2.490900
2.496811
2.502721
2.508632
2.514542
2.520453
2.526363
2.532274
2.538184
2.544095
2.550005
2.555916
2.561827
2.567737
2.573648
2.579558
2.585469
2.591379
2.597290
2.603201
2.609111
2.615022
2.620932
2.626843
2.632754
2.638664
2.644575
2.650486
2.656396
